1 38358U 12031A   13001.67296284 -.00035184  00000+0 -43996-2 0  1215
2 38358   6.0215 201.2166 0014874 333.0342  27.0595 14.82216430 30027
1 38358U 12031A   13002.14388448  .00003811  00000+0  38162-3 0  1223
2 38358   6.0253 197.7326 0014138 341.0094  18.9309 14.82354102 30090
1 38358U 12031A   13002.61485768  .00001382  00000+0  86284-4 0  1239
2 38358   6.0260 194.3457 0013959 345.8142  14.1546 14.82344540 30166
1 38358U 12031A   13006.85358583  .00001967  00000+0  15747-3 0  1248
2 38358   6.0256 163.9105 0013882  46.2956 313.8713 14.82356592 30797
1 38358U 12031A   13007.93005419  .00004786  00000+0  50030-3 0  1252
2 38358   6.0240 156.0858 0012892  62.7779 297.3694 14.82361597 30957
1 38358U 12031A   13011.83227182  .00002587  00000+0  23291-3 0  1266
2 38358   6.0244 128.0625 0012783 118.4961 241.5011 14.82374167 31539
1 38358U 12031A   13015.66720038  .00002124  00000+0  17650-3 0  1279
2 38358   6.0260 100.4498 0012669 178.8716 181.1840 14.82386458 32109
1 38358U 12031A   13016.74364674  .00002508  00000+0  22308-3 0  1282
2 38358   6.0263  92.6771 0013148 194.0604 165.9313 14.82391368 32265
1 38358U 12031A   13019.09838813  .00002351  00000+0  20397-3 0  1297
2 38358   6.0259  75.7524 0013283 227.5395 132.3789 14.82399300 32615
1 38358U 12031A   13020.57849879  .00002396  00000+0  20934-3 0  1304
2 38358   6.0269  65.0850 0013463 248.6465 111.2230 14.82404582 32832
1 38358U 12031A   13023.20234560  .00001839  00000+0  14167-3 0  1315
2 38358   6.0273  46.2123 0013880 285.0039  74.8507 14.82408970 33226
1 38358U 12031A   13024.61518463  .00001648  00000+0  11838-3 0  1329
2 38358   6.0265  36.0401 0014160 302.9132  56.9675 14.82411845 33433
1 38358U 12031A   13029.45922000  .00003354  00000+0  32549-3 0  1331
2 38358   6.0247   1.2555 0014024  11.2486 348.8203 14.82430473 34156
1 38358U 12031A   13029.99743055 -.00016779  00000+0 -21265-2 0  1341
2 38358   6.0231 357.3322 0013725  18.1376 341.9160 14.82403350 34236
1 38358U 12031A   13030.67022650  .00007732  00000+0  85665-3 0  1352
2 38358   6.0252 352.4820 0013383  26.2782 333.9150 14.82430042 34338
1 38358U 12031A   13033.02489457  .00001598  00000+0  11237-3 0  1365
2 38358   6.0258 335.5612 0013055  59.9721 300.0104 14.82428049 34683
1 38358U 12031A   13034.03407382  .00001176  00000+0  61173-4 0  1372
2 38358   6.0285 328.2541 0012545  75.7861 284.3737 14.82428748 34836
1 38358U 12031A   13035.04322511  .00001744  00000+0  13022-3 0  1385
2 38358   6.0276 320.9827 0012425  91.6062 268.5510 14.82433229 34988
1 38358U 12031A   13036.25420831  .00002097  00000+0  17305-3 0  1394
2 38358   6.0273 312.2788 0012397 109.2510 250.9043 14.82437586 35164
1 38358U 12031A   13039.07981726  .00001636  00000+0  11709-3 0  1404
2 38358   6.0277 291.9582 0012392 150.3217 209.7732 14.82442060 35585
1 38358U 12031A   13040.15623524  .00001753  00000+0  13125-3 0  1419
2 38358   6.0270 284.1867 0012705 167.3254 192.7666 14.82444719 35743
1 38358U 12031A   13043.99095413  .00001854  00000+0  14340-3 0  1427
2 38358   6.0262 256.6365 0012913 223.4291 136.4959 14.82453545 36318
1 38358U 12031A   13045.13464121  .00001721  00000+0  12720-3 0  1435
2 38358   6.0257 248.4191 0013055 239.1847 120.7021 14.82455149 36483
1 38358U 12031A   13047.01836510  .00002206  00000+0  18596-3 0  1446
2 38358   6.0259 234.8178 0013890 265.0159  94.9236 14.82460865 36762
1 38358U 12031A   13048.02748416  .00001743  00000+0  12979-3 0  1450
2 38358   6.0257 227.5459 0014121 278.1761  81.6825 14.82461341 36917
1 38358U 12031A   13049.03661939  .00001770  00000+0  13294-3 0  1468
2 38358   6.0251 220.2822 0014199 291.7274  68.1420 14.82463657 37060
1 38358U 12031A   13050.51668790  .00001481  00000+0  97938-4 0  1473
2 38358   6.0251 209.6442 0014237 312.4400  47.4579 14.82465416 37288
1 38358U 12031A   13051.52582123  .00001679  00000+0  12188-3 0  1483
2 38358   6.0259 202.3773 0014251 325.9322  33.9929 14.82468542 37430
1 38358U 12031A   13054.14956659  .00001821  00000+0  13921-3 0  1499
2 38358   6.0246 183.4907 0013974   2.5448 357.4694 14.82475035 37823
1 38358U 12031A   13056.97513849  .00001804  00000+0  13712-3 0  1503
2 38358   6.0253 163.2469 0014112  43.7699 316.3114 14.82481481 38240
1 38358U 12031A   13058.05152562  .00001522  00000+0  10307-3 0  1510
2 38358   6.0262 155.3913 0012859  57.8167 302.3060 14.82481306 38407
1 38358U 12031A   13060.06977746  .00001517  00000+0  10240-3 0  1524
2 38358   6.0261 140.8916 0012825  87.0873 273.0738 14.82484019 38703
1 38358U 12031A   13061.75163188  .00002125  00000+0  17618-3 0  1531
2 38358   6.0249 128.7637 0012584 112.1245 248.0313 14.82490438 38959
1 38358U 12031A   13063.36620939  .00002129  00000+0  17664-3 0  1548
2 38358   6.0262 117.1363 0012486 136.9776 223.1533 14.82493363 39191
1 38358U 12031A   13064.84622944  .00002305  00000+0  19794-3 0  1553
2 38358   6.0262 106.5095 0012484 158.0684 201.9987 14.82499023 39417
1 38358U 12031A   13066.39351591  .00001959  00000+0  15596-3 0  1563
2 38358   6.0274  95.3254 0012708 182.1522 177.8949 14.82501681 39648
1 38358U 12031A   13069.08445273  .00002002  00000+0  16109-3 0  1575
2 38358   6.0252  76.0188 0012904 220.7504 139.1959 14.82508771 40048
1 38358U 12031A   13070.22807200  .00002113  00000+0  17434-3 0  1581
2 38358   6.0266  67.7198 0013834 237.1393 122.7446 14.82513950 40215
1 38358U 12031A   13073.12081206  .00002148  00000+0  17863-3 0  1598
2 38358   6.0261  46.9399 0013820 277.7550  82.1044 14.82523587 40649
1 38358U 12031A   13074.33172111  .00002186  00000+0  18313-3 0  1603
2 38358   6.0255  38.2215 0013939 294.0958  65.7780 14.82527864 40824
1 38358U 12031A   13078.16627509  .00003000  00000+0  28162-3 0  1614
2 38358   6.0259  10.6507 0014043 347.3310  12.7350 14.82546064 41398
1 38358U 12031A   13079.24261220  .00002617  00000+0  23531-3 0  1627
2 38358   6.0264   2.9620 0013906   4.1445 355.8211 14.82549169 41552
1 38358U 12031A   13082.13529329  .00002162  00000+0  18020-3 0  1639
2 38358   6.0268 342.0900 0013645  42.8035 317.2723 14.82558190 41980
1 38358U 12031A   13083.14437632  .00001947  00000+0  15415-3 0  1642
2 38358   6.0268 334.8438 0013644  57.1844 302.9546 14.82559818 42131
1 38358U 12031A   13086.10429432  .00001859  00000+0  14355-3 0  1655
2 38358   6.0262 313.5111 0013111  98.2166 261.9294 14.82567137 42574
1 38358U 12031A   13087.11335953  .00001794  00000+0  13562-3 0  1669
2 38358   6.0264 306.2353 0012794 113.9034 246.2748 14.82569360 42725
1 38358U 12031A   13090.07326096  .00001880  00000+0  14607-3 0  1674
2 38358   6.0264 284.9974 0012914 156.1168 203.9791 14.82576401 43168
1 38358U 12031A   13091.35136011  .00002187  00000+0  18314-3 0  1683
2 38358   6.0270 275.6872 0013018 179.9019 180.1141 14.82582020 43353
1 38358U 12031A   13093.70579886  .00002151  00000+0  17873-3 0  1696
2 38358   6.0270 258.7643 0013090 213.3917 146.5450 14.82588630 43702
1 38358U 12031A   13094.98391498  .00002320  00000+0  19917-3 0  1709
2 38358   6.0269 249.5679 0013164 231.6251 128.2734 14.82593886 43894
1 38358U 12031A   13096.39657276  .00002312  00000+0  19811-3 0  1710
2 38358   6.0250 239.3903 0013307 251.8769 108.0265 14.82598459 44109
1 38358U 12031A   13097.80922353  .00003354  00000+0  32397-3 0  1720
2 38358   6.0254 229.2127 0013737 270.7640  89.1581 14.82608931 44314
1 38358U 12031A   13100.76904061  .00002451  00000+0  21478-3 0  1732
2 38358   6.0253 207.9053 0013868 313.9731  45.9419 14.82619837 44755
1 38358U 12031A   13101.91260031  .00002947  00000+0  27463-3 0  1743
2 38358   6.0258 199.6469 0013726 325.2670  34.6698 14.82627003 44926
1 38358U 12031A   13103.05616373  .00003266  00000+0  31311-3 0  1757
2 38358   6.0258 191.4341 0013723 341.5665  18.3985 14.82633251 45096
1 38358U 12031A   13105.67962167  .00002867  00000+0  26483-3 0  1763
2 38358   6.0258 172.5891 0013781  19.2369 340.8146 14.82643982 45487
1 38358U 12031A   13106.68864335  .00002302  00000+0  19667-3 0  1774
2 38358   6.0249 165.3353 0013597  32.8804 327.2254 14.82645300 45632
1 38358U 12031A   13108.23579822 -.00000850  00000+0 -18434-3 0  1781
2 38358   6.0235 154.2191 0015126  53.0867 307.0311 14.82637421 45868
1 38358U 12031A   13109.04302206  .00001285  00000+0  73761-4 0  1798
2 38358   6.0235 148.4180 0013954  66.3210 293.8959 14.82646805 45986
1 38358U 12031A   13118.46028048  .00001701  00000+0  12406-3 0  1840
2 38358   6.0244  80.5738 0012819 208.1971 151.7747 14.82670904 47380
1 38358U 12031A   13119.33471197  .00002826  00000+0  25964-3 0  1857
2 38358   6.0264  74.2149 0013621 219.2774 140.6356 14.82679745 47514
1 38358U 12031A   13120.34369371  .00001657  00000+0  11861-3 0  1863
2 38358   6.0264  66.9681 0013619 233.6601 126.2173 14.82680433 47668
1 38358U 12031A   13125.85943320  .00003504  00000+0  34108-3 0  1891
2 38358   6.0305  27.2523 0014504 307.3387  52.5852 14.82708296 48487
1 38358U 12031A   13126.26301429  .00003946  00000+0  39431-3 0  1901
2 38358   6.0305  24.3535 0014503 313.0917  46.8064 14.82712587 48546
1 38358U 12031A   13129.08811846  .00002657  00000+0  23890-3 0  1914
2 38358   6.0294   4.0118 0014014 351.8462   8.1304 14.82720872 48967
1 38358U 12031A   13130.09708548  .00002718  00000+0  24631-3 0  1924
2 38358   6.0283 356.7277 0013967   6.1734 353.8853 14.82725167 49115
1 38358U 12031A   13135.00733043  .00002719  00000+0  24635-3 0  1934
2 38358   6.0264 321.5771 0013781  76.0604 283.9588 14.82743932 49847
1 38358U 12031A   13135.27640998  .00300005  00000+0  34467-1 0  1941
2 38358   6.0303 319.3695 0011368  91.4197 269.0005 14.82831676 49884
1 38358U 12031A   13135.67988005  .00006955  00000+0  75668-3 0  1957
2 38358   6.0287 316.5278 0012050  89.7970 269.9980 14.82751527 49943
1 38358U 12031A   13136.68888728  .00002017  00000+0  16190-3 0  1961
2 38358   6.0282 309.2691 0012276 103.6274 256.5248 14.82748636 50093
1 38358U 12031A   13137.76508387  .00002771  00000+0  25278-3 0  1976
2 38358   6.0278 301.5226 0012372 119.8139 240.3292 14.82754278 50250
1 38358U 12031A   13141.53173374  .00003258  00000+0  31124-3 0  1989
2 38358   6.0273 274.4449 0012454 174.3995 185.6508 14.82774792 50813
1 38358U 12031A   13143.61681614  .00003154  00000+0  29860-3 0  1991
2 38358   6.0278 259.4797 0012380 203.6125 156.3184 14.82784348 51124
1 38358U 12031A   13144.62573008  .00003156  00000+0  29887-3 0  2004
2 38358   6.0278 252.2316 0012383 218.0040 141.9223 14.82789362 51272
1 38358U 12031A   13145.76915752  .00003296  00000+0  31558-3 0  2010
2 38358   6.0268 243.9164 0012767 237.1697 122.8415 14.82795655 51447
1 38358U 12031A   13147.71967929  .00002731  00000+0  24738-3 0  2026
2 38358   6.0264 229.8719 0013349 263.1408  96.7196 14.82801557 51734
1 38358U 12031A   13149.73748835  .00002896  00000+0  26717-3 0  2035
2 38358   6.0269 215.3423 0013926 292.6398  67.2779 14.82809962 52039
1 38358U 12031A   13150.61185821  .00002384  00000+0  20552-3 0  2048
2 38358   6.0258 209.0372 0013841 303.7963  56.0810 14.82810460 52169
1 38358U 12031A   13152.49514269  .00001650  00000+0  11722-3 0  2053
2 38358   6.0258 195.5081 0013838 330.6471  29.2649 14.82812159 52444
1 38358U 12031A   13153.50404173  .00001844  00000+0  14066-3 0  2068
2 38358   6.0252 188.1870 0013492 341.4243  18.5780 14.82816250 52594
1 38358U 12031A   13155.58908833  .00002311  00000+0  19682-3 0  2070
2 38358   6.0248 173.1844 0013410  10.1784 349.8737 14.82824768 52904
1 38358U 12031A   13157.00153787  .00002110  00000+0  17258-3 0  2084
2 38358   6.0253 163.0324 0013269  29.8408 330.2447 14.82827911 53112
1 38358U 12031A   13158.41398573  .00001926  00000+0  15051-3 0  2098
2 38358   6.0259 152.8729 0013150  49.7998 310.3372 14.82830970 53325
1 38358U 12031A   13159.82641220  .00001700  00000+0  12337-3 0  2100
2 38358   6.0255 142.6494 0012495  72.6214 287.5279 14.82833313 53532
1 38358U 12031A   13161.50788263  .00002225  00000+0  18652-3 0  2117
2 38358   6.0246 130.5507 0012333  97.2246 262.9568 14.82839461 53787
1 38358U 12031A   13163.92917728  .00001553  00000+0  10563-3 0  2122
2 38358   6.0246 113.1522 0012299 132.2850 227.8245 14.82842239 54143
1 38358U 12031A   13165.07256224  .00001523  00000+0  10210-3 0  2134
2 38358   6.0258 104.8776 0012349 150.8227 209.2950 14.82843694 54316
1 38358U 12031A   13166.48497222  .00001669  00000+0  11955-3 0  2144
2 38358   6.0258  94.7307 0012348 170.9611 189.0788 14.82846959 54526
1 38358U 12031A   13168.56996238  .00001494  00000+0  98522-4 0  2159
2 38358   6.0258  79.7517 0012347 200.6895 159.2727 14.82849849 54833
1 38358U 12031A   13170.65495252  .00000979  00000+0  36534-4 0  2165
2 38358   6.0274  64.7350 0012711 232.6222 127.3149 14.82850293 55148
1 38358U 12031A   13173.00897217  .00001946  00000+0  15278-3 0  2171
2 38358   6.0248  47.7735 0013000 265.6426  94.3189 14.82858892 55499
1 38358U 12031A   13174.15231710  .00002038  00000+0  16360-3 0  2185
2 38358   6.0262  39.4709 0014024 278.9854  80.8959 14.82862962 55660
1 38358U 12031A   13179.06211353  .00001985  00000+0  15725-3 0  2196
2 38358   6.0239   4.2229 0014017 349.7781  10.1992 14.82876896 56394
1 38358U 12031A   13180.94531161  .00003106  00000+0  29183-3 0  2209
2 38358   6.0256 350.6677 0014048  16.0114 344.0297 14.82881857 56677
1 38358U 12031A   13184.03912348  .00002079  00000+0  16850-3 0  2219
2 38358   6.0256 328.4398 0014041  60.1251 299.9703 14.82888665 57131
1 38358U 12031A   13185.98956892  .00001806  00000+0  13565-3 0  2224
2 38358   6.0235 314.3001 0014041  88.9077 271.3784 14.82891831 57421
1 38358U 12031A   13186.72935191 -.00003465  00000+0 -49783-3 0  2233
2 38358   6.0268 308.9051 0013109 102.1651 257.9676 14.82876213 57531
1 38358U 12031A   13186.99838444  .00002240  00000+0  18807-3 0  2247
2 38358   6.0282 306.9866 0012258 102.6339 257.5373 14.82893697 57570
1 38358U 12031A   13188.47800778  .00001748  00000+0  12887-3 0  2256
2 38358   6.0276 296.3346 0012305 124.1090 236.0194 14.82895296 57798
1 38358U 12031A   13191.63901872  .00001955  00000+0  15367-3 0  2262
2 38358   6.0276 273.6129 0012344 169.7774 190.2925 14.82904300 58265
1 38358U 12031A   13192.64784192  .00001805  00000+0  13561-3 0  2277
2 38358   6.0276 266.3589 0012675 183.4939 176.5220 14.82906006 58414
1 38358U 12031A   13195.06900404  .00002024  00000+0  16189-3 0  2286
2 38358   6.0267 248.8751 0013317 221.5485 138.3849 14.82913155 58779
1 38358U 12031A   13196.48134433  .00001974  00000+0  15579-3 0  2290
2 38358   6.0270 238.6863 0013688 240.9618 118.9213 14.82917451 58983
1 38358U 12031A   13198.83525986  .00001887  00000+0  14532-3 0  2301
2 38358   6.0280 221.7672 0013841 274.0851  85.7692 14.82923091 59332
1 38358U 12031A   13200.11309613  .00002093  00000+0  16994-3 0  2318
2 38358   6.0276 212.5650 0013967 291.6570  68.2074 14.82927602 59526
1 38358U 12031A   13201.52544605  .00002292  00000+0  19379-3 0  2328
2 38358   6.0276 202.3979 0014106 311.1320  48.7869 14.82932924 59735
1 38358U 12031A   13202.80327132  .00001748  00000+0  12859-3 0  2336
2 38358   6.0254 193.1531 0013708 326.7167  33.2120 14.82932956 59925
1 38358U 12031A   13205.08993086  .00001811  00000+0  13614-3 0  2348
2 38358   6.0262 176.6794 0013626 357.8617   2.1888 14.82937494 60262
1 38358U 12031A   13207.51107849  .00001983  00000+0  15686-3 0  2365
2 38358   6.0255 159.2428 0013188  32.2974 327.8190 14.82944075 60624
1 38358U 12031A   13208.04910771  .00000784  00000+0  12977-4 0  2370
2 38358   6.0254 155.3508 0012755  40.1208 320.0009 14.82940695 60703
1 38358U 12031A   13209.52869894  .00001679  00000+0  12044-3 0  2382
2 38358   6.0254 144.7196 0012755  61.2203 298.9492 14.82946559 60925
1 38358U 12031A   13213.36213645  .00001912  00000+0  14829-3 0  2390
2 38358   6.0262 117.1174 0012437 118.2030 241.9511 14.82955443 61497
1 38358U 12031A   13214.50543537  .00001640  00000+0  11571-3 0  2404
2 38358   6.0265 108.8940 0012448 134.6530 225.4712 14.82956894 61667
1 38358U 12031A   13216.18675317  .00001602  00000+0  11118-3 0  2418
2 38358   6.0286  96.7900 0011923 161.0721 199.0234 14.82962047 61914
1 38358U 12031A   13218.06981883  .00001434  00000+0  91036-4 0  2427
2 38358   6.0281  83.2509 0012145 187.2098 172.7879 14.82963592 62199
1 38358U 12031A   13219.07859184  .00001780  00000+0  13248-3 0  2430
2 38358   6.0263  75.9262 0012625 204.3808 155.5870 14.82967266 62345
1 38358U 12031A   13220.15462203  .00001835  00000+0  13891-3 0  2449
2 38358   6.0269  68.1439 0013493 219.6585 140.2812 14.82970227 62502
1 38358U 12031A   13221.56691313  .00001501  00000+0  98796-4 0  2450
2 38358   6.0266  57.9765 0013722 239.0780 120.7997 14.82971560 62716
1 38358U 12031A   13223.04646288  .00001680  00000+0  12022-3 0  2462
2 38358   6.0266  47.3252 0013797 260.0105  99.8607 14.82975248 62932
1 38358U 12031A   13224.66051687  .00001351  00000+0  80831-4 0  2474
2 38358   6.0265  35.7171 0013878 283.0019  76.8559 14.82976408 63178
1 38358U 12031A   13227.08160834  .00002205  00000+0  18316-3 0  2486
2 38358   6.0265  18.3200 0013876 317.5294  42.3903 14.82983963 63539
1 38358U 12031A   13228.29213006  .00002099  00000+0  17047-3 0  2492
2 38358   6.0278   9.5195 0013665 330.3389  29.5999 14.82985284 63712
1 38358U 12031A   13234.68105514  .00002773  00000+0  33126-3 0  2514
2 38358   6.0278 323.4969 0012540  62.9887 297.2017 14.83003083 64660
1 38358U 12031A   13234.68105921  .00001863  00000+0  14209-3 0  2505
2 38358   6.0265 323.6551 0013581  62.8894 297.1635 14.83001320 64665
1 38358U 12031A   13235.82433413 -.00016144  00000+0 -20212-2 0  2513
2 38358   6.0278 315.2538 0012078  82.1903 278.0918 14.82991125 64838
1 38358U 12031A   13238.04366959  .00002308  00000+0  19554-3 0  2524
2 38358   6.0276 299.3018 0012041 114.9442 245.6675 14.83016414 65160
1 38358U 12031A   13239.05233050  .00002073  00000+0  16738-3 0  2532
2 38358   6.0279 292.0240 0012306 128.0538 232.0674 14.83018053 65313
1 38358U 12031A   13240.66633076  .00002256  00000+0  18925-3 0  2547
2 38358   6.0272 280.4228 0012443 151.2866 208.7975 14.83023758 65555
1 38358U 12031A   13242.34757196  .00001919  00000+0  14891-3 0  2558
2 38358   6.0272 268.3411 0012440 175.2648 184.7454 14.83026702 65800
1 38358U 12031A   13243.82705697  .00002334  00000+0  19845-3 0  2568
2 38358   6.0266 257.6584 0012846 197.7239 162.2629 14.83032635 66022
1 38358U 12031A   13244.83579187  .00001830  00000+0  13806-3 0  2575
2 38358   6.0266 250.3785 0013191 212.5020 147.4424 14.83032716 66177
1 38358U 12031A   13246.11352441  .00001726  00000+0  12564-3 0  2585
2 38358   6.0255 241.1803 0013346 230.5550 129.3352 14.83034967 66364
1 38358U 12031A   13247.72750752  .00001863  00000+0  14192-3 0  2592
2 38358   6.0255 229.5719 0013388 253.3359 106.5305 14.83039517 66604
1 38358U 12031A   13249.81224063  .00001909  00000+0  14736-3 0  2602
2 38358   6.0265 214.5604 0013709 282.6842  77.2141 14.83043933 66914
1 38358U 12031A   13251.15721625  .00001718  00000+0  12453-3 0  2611
2 38358   6.0262 204.8635 0013736 300.5807  59.2996 14.83046233 67115
1 38358U 12031A   13253.30919769  .00002094  00000+0  16951-3 0  2624
2 38358   6.0235 189.3381 0013884 329.4272  30.5826 14.83052821 67439
1 38358U 12031A   13255.93190640  .00001220  00000+0  64980-4 0  2631
2 38358   6.0235 170.4898 0013882   6.8347 353.1770 14.83053271 67825
1 38358U 12031A   13256.46988603  .00004873  00000+0  50180-3 0  2648
2 38358   6.0238 166.5497 0012932  13.9972 346.0532 14.83066220 67901
1 38358U 12031A   13257.00787585  .00001877  00000+0  14364-3 0  2651
2 38358   6.0239 162.6785 0012812  19.6729 340.3808 14.83059295 67984
1 38358U 12031A   13258.35285580  .00001784  00000+0  13256-3 0  2665
2 38358   6.0239 153.0127 0012811  38.8563 321.2474 14.83062164 68185
1 38358U 12031A   13259.56332992  .00001622  00000+0  11321-3 0  2672
2 38358   6.0256 144.2988 0012708  56.1774 303.9548 14.83064263 68364
1 38358U 12031A   13260.57205532  .00001480  00000+0  96230-4 0  2680
2 38358   6.0258 137.0334 0012518  71.0299 289.1144 14.83065159 68517
1 38358U 12031A   13261.78252209  .00001599  00000+0  11048-3 0  2692
2 38358   6.0259 128.3027 0012266  89.9608 270.2079 14.83068252 68696
1 38358U 12031A   13261.91701558  .00001580  00000+0  10819-3 0  2700
2 38358   6.0259 127.3362 0012266  91.8791 268.2725 14.83068265 68714
1 38358U 12031A   13263.06022799  .00001865  00000+0  14219-3 0  2716
2 38358   6.0261 119.1027 0012226 108.9675 251.1793 14.83072189 68885
1 38358U 12031A   13264.13618950  .00001925  00000+0  14943-3 0  2727
2 38358   6.0260 111.3482 0012207 125.1839 234.9559 14.83075177 69043
1 38358U 12031A   13266.01911269  .00002242  00000+0  18728-3 0  2734
2 38358   6.0266  97.8045 0012124 153.0252 207.0639 14.83082243 69322
1 38358U 12031A   13269.04522006  .00002128  00000+0  17362-3 0  2744
2 38358   6.0255  75.9951 0012236 196.7747 163.2440 14.83090750 69774
1 38358U 12031A   13270.05389931  .00001959  00000+0  15317-3 0  2755
2 38358   6.0264  68.6821 0013461 213.7745 146.1455 14.83092694 69920
1 38358U 12031A   13271.26433982  .00002701  00000+0  24179-3 0  2768
2 38358   6.0265  59.9635 0013566 230.4764 129.4387 14.83098087 70102
1 38358U 12031A   13273.81970018  .00002151  00000+0  17602-3 0  2770
2 38358   6.0267  41.5886 0013609 266.9258  92.9223 14.83104736 70482
1 38358U 12031A   13274.96289267  .00002075  00000+0  16696-3 0  2784
2 38358   6.0276  33.3469 0013836 281.5728  78.3029 14.83107047 70654
1 38358U 12031A   13275.97158291  .00002182  00000+0  17976-3 0  2790
2 38358   6.0272  26.0723 0013892 295.0418  64.8323 14.83110464 70801
1 38358U 12031A   13277.04752338  .00002166  00000+0  17774-3 0  2802
2 38358   6.0275  18.3193 0013945 309.6235  50.2766 14.83113564 70968
1 38358U 12031A   13278.12345955  .00002789  00000+0  25208-3 0  2818
2 38358   6.0272  10.5791 0013915 324.8165  35.1038 14.83120258 71122
1 38358U 12031A   13280.54432329  .00001910  00000+0  14716-3 0  2827
2 38358   6.0275 353.1584 0013675 358.3963   1.6168 14.83123608 71485
1 38358U 12031A   13282.89793254  .00002467  00000+0  21370-3 0  2837
2 38358   6.0260 336.2000 0013387  31.7640 328.3939 14.83132901 71838
1 38358U 12031A   13283.90660147  .00002686  00000+0  23986-3 0  2843
2 38358   6.0312 328.9154 0012905  46.2888 313.8570 14.83137166 71988
1 38358U 12031A   13286.05843121  .00002559  00000+0  22470-3 0  2854
2 38358   6.0276 313.4148 0012546  77.2412 282.9090 14.83145732 72305
1 38358U 12031A   13288.07576608  .00002430  00000+0  20932-3 0  2861
2 38358   6.0275 298.9101 0012494 106.1288 254.0228 14.83152510 72603
1 38358U 12031A   13289.21890160  .00002737  00000+0  24595-3 0  2870
2 38358   6.0268 290.6425 0012245 124.7689 235.3608 14.83159186 72776
1 38358U 12031A   13291.10171383  .00002781  00000+0  25114-3 0  2888
2 38358   6.0263 277.0810 0012252 152.7133 207.3636 14.83167753 73052
1 38358U 12031A   13292.51381445  .00003148  00000+0  29483-3 0  2898
2 38358   6.0262 266.9027 0012490 173.7186 186.3333 14.83176521 73269
1 38358U 12031A   13293.52245090  .00003015  00000+0  27881-3 0  2900
2 38358   6.0266 259.6222 0012858 188.8189 171.2008 14.83180535 73416
1 38358U 12031A   13295.00177931  .00003165  00000+0  29657-3 0  2913
2 38358   6.0257 248.9688 0013168 209.9977 149.9555 14.83187792 73633
1 38358U 12031A   13296.01041023  .00002754  00000+0  24759-3 0  2929
2 38358   6.0258 241.7167 0013146 224.4332 135.4628 14.83190288 73781
1 38358U 12031A   13297.15352772  .00002749  00000+0  24695-3 0  2935
2 38358   6.0262 233.4752 0013391 240.2232 119.6723 14.83195371 73958
1 38358U 12031A   13299.30526497  .00003169  00000+0  29682-3 0  2940
2 38358   6.0258 217.9664 0013883 269.9895  89.8958 14.83207024 74274
1 38358U 12031A   13301.12078709  .00003104  00000+0  28894-3 0  2956
2 38358   6.0262 204.9108 0013899 295.8163  64.0599 14.83215876 74541
1 38358U 12031A   13302.19665032  .00003353  00000+0  31865-3 0  2964
2 38358   6.0267 197.1639 0013826 310.8104  49.0908 14.83222405 74702
1 38358U 12031A   13303.20525666  .00003100  00000+0  28848-3 0  2973
2 38358   6.0257 189.8266 0013667 321.0310  38.8936 14.83226161 74857
1 38358U 12031A   13305.02076795  .00002976  00000+0  27364-3 0  2982
2 38358   6.0249 176.7653 0013638 346.5453  13.4389 14.83234383 75128
1 38358U 12031A   13307.03799350  .00003769  00000+0  36786-3 0  2994
2 38358   6.0245 162.2629 0013608  15.4897 344.6067 14.83249699 75429
1 38358U 12031A   13308.04658346  .00003553  00000+0  34228-3 0  3008
2 38358   6.0248 154.9707 0013034  29.4428 330.6491 14.83254684 75577
1 38358U 12031A   13309.05517859  .00003442  00000+0  32908-3 0  3014
2 38358   6.0240 147.6933 0012660  43.6713 316.4518 14.83260039 75728
1 38358U 12031A   13310.66892502  .00003370  00000+0  32047-3 0  3029
2 38358   6.0240 136.0922 0012657  66.6950 293.4467 14.83268311 75966
1 38358U 12031A   13311.81198727  .00003445  00000+0  32936-3 0  3036
2 38358   6.0240 127.8639 0012610  83.3942 276.7661 14.83275216 76137
1 38358U 12031A   13312.82056094  .00003489  00000+0  33455-3 0  3044
2 38358   6.0249 120.5768 0012385  99.0839 261.0830 14.83281244 76286
1 38358U 12031A   13313.82912971  .00003273  00000+0  30886-3 0  3057
2 38358   6.0257 113.3025 0012237 115.1925 244.9598 14.83286200 76438
1 38358U 12031A   13314.97216479  .00003901  00000+0  38338-3 0  3063
2 38358   6.0262 105.0565 0012286 132.2784 227.8425 14.83295095 76608
1 38358U 12031A   13316.51862172  .00003846  00000+0  37680-3 0  3070
2 38358   6.0260  93.9332 0012277 154.3926 205.6844 14.83304645 76832
1 38358U 12031A   13318.60295049  .00003823  00000+0  37383-3 0  3081
2 38358   6.0265  78.9184 0012426 184.9092 175.0903 14.83318492 77140
1 38358U 12031A   13320.35108711  .00003878  00000+0  38027-3 0  3092
2 38358   6.0257  66.2936 0012706 212.0859 147.9071 14.83330318 77405
1 38358U 12031A   13321.35960496  .00004437  00000+0  44645-3 0  3106
2 38358   6.0267  59.0278 0013128 227.1335 132.7683 14.83340604 77556
1 38358U 12031A   13322.83877012  .00005251  00000+0  54271-3 0  3113
2 38358   6.0270  48.3467 0013418 246.8716 113.0175 14.83357224 77772
1 38358U 12031A   13324.65410050  .00004721  00000+0  47967-3 0  3126
2 38358   6.0272  35.2843 0013473 272.6430  87.2107 14.83370641 78044
1 38358U 12031A   13325.79708463  .00004749  00000+0  48289-3 0  3139
2 38358   6.0274  27.0335 0013709 287.4302  72.4585 14.83379371 78219
1 38358U 12031A   13327.07452469  .00003913  00000+0  38360-3 0  3146
2 38358   6.0271  17.8272 0013740 304.6900  55.1874 14.83384827 78406
1 38358U 12031A   13328.35197063  .00003249  00000+0  30487-3 0  3159
2 38358   6.0272   8.6202 0013731 322.7489  37.1784 14.83389950 78593
1 38358U 12031A   13330.36898180  .00003404  00000+0  32319-3 0  3161
2 38358   6.0272 354.1171 0013727 351.5321   8.4659 14.83401512 78891
1 38358U 12031A   13330.50344175  .00001574  00000+0  18618-3 0  3170
2 38358   6.0284 353.0829 0012863 351.2462   8.7969 14.83405614 78912
1 38358U 12031A   13331.64641404  .00003981  00000+0  39172-3 0  3173
2 38358   6.0235 344.8672 0012638   9.4694 350.6303 14.83410098 79083
1 38358U 12031A   13333.05829810  .00002350  00000+0  19834-3 0  3182
2 38358   6.0235 334.7149 0012635  29.6179 330.4537 14.83409255 79290
1 38358U 12031A   13334.13402814  .00001356  00000+0  80440-4 0  3191
2 38358   6.0230 326.9629 0012309  44.8191 315.3141 14.83410133 79450
1 38358U 12031A   13335.14251091  .00002479  00000+0  21356-3 0  3201
2 38358   6.0256 319.6839 0012723  57.1341 303.0125 14.83417178 79603
1 38358U 12031A   13336.21822320  .00002951  00000+0  26944-3 0  3213
2 38358   6.0274 311.9347 0012559  73.5909 286.5585 14.83423254 79765
1 38358U 12031A   13337.63009431  .00002894  00000+0  26275-3 0  3224
2 38358   6.0274 301.7823 0012556  93.7395 266.4171 14.83429454 79970
1 38358U 12031A   13339.10918206  .00002948  00000+0  26911-3 0  3235
2 38358   6.0291 291.1181 0012228 116.1968 243.9445 14.83436207 80194
1 38358U 12031A   13340.18487460  .00003023  00000+0  27794-3 0  3244
2 38358   6.0291 283.3503 0012240 132.6014 227.5267 14.83441490 80352
1 38358U 12031A   13341.19333247  .00002918  00000+0  26547-3 0  3257
2 38358   6.0284 276.0860 0012325 147.1158 212.9751 14.83445477 80505
1 38358U 12031A   13342.94132002  .00003536  00000+0  33854-3 0  3264
2 38358   6.0269 263.4797 0012579 173.9952 186.0721 14.83457114 80764
1 38358U 12031A   13344.15144980  .00003512  00000+0  33553-3 0  3278
2 38358   6.0268 254.7525 0012801 191.6545 168.3500 14.83464003 80941
1 38358U 12031A   13345.15988988  .00003595  00000+0  34533-3 0  3284
2 38358   6.0268 247.5007 0012798 206.0474 153.9001 14.83470033 81096
1 38358U 12031A   13346.23556024  .00003659  00000+0  35278-3 0  3295
2 38358   6.0265 239.7467 0012922 220.9379 138.9983 14.83476599 81257
1 38358U 12031A   13347.31121977  .00003783  00000+0  36743-3 0  3308
2 38358   6.0253 231.9769 0013201 236.4573 123.4537 14.83483900 81418
1 38358U 12031A   13349.05916449  .00003886  00000+0  37943-3 0  3315
2 38358   6.0248 219.3991 0013484 261.2158  98.6525 14.83495510 81675
1 38358U 12031A   13350.13481405  .00004102  00000+0  40485-3 0  3323
2 38358   6.0249 211.6471 0013530 276.3403  83.5114 14.83503810 81834
1 38358U 12031A   13351.54659995  .00003952  00000+0  38701-3 0  3331
2 38358   6.0249 201.4446 0013721 295.6997  64.1759 14.83513260 82041
1 38358U 12031A   13353.16007050  .00003716  00000+0  35905-3 0  3342
2 38358   6.0238 189.7733 0013569 317.9866  41.9755 14.83522007 82283
1 38358U 12031A   13354.16847149  .00003213  00000+0  29955-3 0  3355
2 38358   6.0218 182.4810 0013575 331.3923  28.5485 14.83525899 82438
1 38358U 12031A   13355.64747631  .00003064  00000+0  28185-3 0  3363
2 38358   6.0218 171.8267 0013641 351.7482   8.2491 14.83533178 82651
1 38358U 12031A   13357.19370139  .00003145  00000+0  29152-3 0  3376
2 38358   6.0260 160.6746 0012877  11.1356 348.9558 14.83542573 82885
1 38358U 12031A   13359.00881688  .00002684  00000+0  23700-3 0  3385
2 38358   6.0276 147.6022 0012518  37.9276 322.1786 14.83548526 83155
1 38358U 12031A   13360.21888870  .00002879  00000+0  26006-3 0  3399
2 38358   6.0276 138.8768 0012174  55.6531 304.4784 14.83554322 83335
1 38358U 12031A   13362.16844214  .00002444  00000+0  20875-3 0  3407
2 38358   6.0283 124.8592 0011889  85.3993 274.7407 14.83561058 83624
1 38358U 12031A   13364.11798011  .00002437  00000+0  20788-3 0  3413
2 38358   6.0283 110.7822 0011830 114.7461 245.4184 14.83567754 83915
1 38358U 12031A   13365.12634895  .00002433  00000+0  20730-3 0  3428
2 38358   6.0279 103.5049 0011894 129.8314 230.2958 14.83571540 84061
1 38358U 12031A   14001.20194495  .00002685  00000+0  23705-3 0  3437
2 38358   6.0279  95.7534 0011999 146.8054 213.3023 14.83576542 84228
1 38358U 12031A   14002.21031014  .00002762  00000+0  24615-3 0  3444
2 38358   6.0282  88.4886 0012124 161.8677 198.1989 14.83580685 84370
1 38358U 12031A   14004.09258445  .00003283  00000+0  30748-3 0  3455
2 38358   6.0288  74.9399 0012658 192.8722 167.1234 14.83592052 84653
1 38358U 12031A   14005.97483409  .00003422  00000+0  32363-3 0  3464
2 38358   6.0295  61.3242 0013516 221.8174 138.1229 14.83603788 84938
1 38358U 12031A   14007.11762367  .00003170  00000+0  29385-3 0  3476
2 38358   6.0287  53.0848 0013456 237.3832 122.4973 14.83608399 85100
1 38358U 12031A   14008.12597359  .00003243  00000+0  30245-3 0  3484
2 38358   6.0286  45.8288 0013437 251.5564 108.3155 14.83613919 85250
1 38358U 12031A   14009.26876617  .00003018  00000+0  27576-3 0  3491
2 38358   6.0279  37.5981 0013951 264.3861  95.4685 14.83618483 85427
1 38358U 12031A   14010.27710648  .00003846  00000+0  37325-3 0  3509
2 38358   6.0281  30.3388 0014174 278.8725  80.9772 14.83627802 85576
1 38358U 12031A   14011.35266984  .00003805  00000+0  36838-3 0  3512
2 38358   6.0286  22.5919 0014190 293.5673  66.3053 14.83634554 85738
1 38358U 12031A   14012.96600829  .00003313  00000+0  31034-3 0  3528
2 38358   6.0303  10.9490 0014148 314.1686  45.7473 14.83640989 85972
1 38358U 12031A   14014.17600919  .00003034  00000+0  27742-3 0  3535
2 38358   6.0302   2.2274 0014072 330.7061  29.2449 14.83645631 86152
1 38358U 12031A   14015.31877933  .00003268  00000+0  30494-3 0  3542
2 38358   6.0282 353.9714 0013757 345.6567  14.3320 14.83652539 86326
1 38358U 12031A   14016.39432644  .00003039  00000+0  27799-3 0  3558
2 38358   6.0285 346.2174 0013378 359.8486   0.1661 14.83656870 86480
1 38358U 12031A   14018.14208768  .00002835  00000+0  25399-3 0  3569
2 38358   6.0287 333.6277 0013218  24.5172 335.5565 14.83663700 86744
1 38358U 12031A   14019.21762935  .00002559  00000+0  22149-3 0  3573
2 38358   6.0277 325.8865 0013092  40.0905 320.0102 14.83666598 86908
1 38358U 12031A   14020.29316783  .00002417  00000+0  20473-3 0  3581
2 38358   6.0273 318.1325 0012918  55.6287 304.5131 14.83670186 87066
1 38358U 12031A   14022.44423053  .00001713  00000+0  12179-3 0  3592
2 38358   6.0270 302.6164 0012882  86.3457 273.8277 14.83673194 87388
1 38358U 12031A   14023.25087524  .00002475  00000+0  21156-3 0  3604
2 38358   6.0268 296.8122 0012193 100.2275 259.9638 14.83680906 87501
1 38358U 12031A   14025.13302414  .00002785  00000+0  24807-3 0  3612
2 38358   6.0264 283.2413 0012185 129.7175 230.4441 14.83690784 87787
1 38358U 12031A   14027.01515788  .00002689  00000+0  23674-3 0  3626
2 38358   6.0245 269.6579 0012040 156.7566 203.3515 14.83698241 88060
1 38358U 12031A   14028.15787345  .00002658  00000+0  23295-3 0  3638
2 38358   6.0252 261.4395 0012514 173.0272 187.0035 14.83702629 88236
1 38358U 12031A   14029.23337397  .00002522  00000+0  21690-3 0  3644
2 38358   6.0243 253.6765 0012778 186.9229 173.1010 14.83706702 88399
1 38358U 12031A   14030.30886643  .00003052  00000+0  27922-3 0  3651
2 38358   6.0243 245.9395 0012776 202.2786 157.6869 14.83713263 88557
1 38358U 12031A   14031.58600005  .00003840  00000+0  37195-3 0  3667
2 38358   6.0237 236.6835 0012055 219.4603 140.4644 14.83723311 88741
1 38358U 12031A   14033.06478055  .00003308  00000+0  30923-3 0  3672
2 38358   6.0241 225.9872 0012923 243.7530 116.1191 14.83729240 88969
1 38358U 12031A   14034.40913894  .00003006  00000+0  27358-3 0  3680
2 38358   6.0239 216.3019 0013150 263.4914  96.3881 14.83734904 89162
1 38358U 12031A   14035.55183757  .00003093  00000+0  28378-3 0  3694
2 38358   6.0246 208.0635 0013320 278.9095  80.9736 14.83740571 89336
1 38358U 12031A   14037.16505157  .00003197  00000+0  29580-3 0  3708
2 38358   6.0243 196.4400 0013863 298.4827  61.4125 14.83749645 89578
1 38358U 12031A   14038.37494718  .00003859  00000+0  37344-3 0  3715
2 38358   6.0239 187.6935 0014255 312.8398  47.0565 14.83759146 89753
1 38358U 12031A   14039.98814716  .00003776  00000+0  36367-3 0  3720
2 38358   6.0274 176.0671 0013943 336.2846  23.6478 14.83769229 89994
1 38358U 12031A   14041.06361630  .00004030  00000+0  39345-3 0  3738
2 38358   6.0258 168.3030 0013788 352.0248   7.9996 14.83777576 90152
1 38358U 12031A   14042.13906325  .00004621  00000+0  46278-3 0  3743
2 38358   6.0268 160.5441 0013599   7.1768 352.8614 14.83788763 90315
1 38358U 12031A   14043.21451324  .00004440  00000+0  44151-3 0  3755
2 38358   6.0275 152.7900 0013090  21.3388 338.7505 14.83796633 90472
1 38358U 12031A   14044.22273860  .00004353  00000+0  43136-3 0  3760
2 38358   6.0299 145.5236 0012663  32.2920 327.8191 14.83803025 90629
1 38358U 12031A   14045.29817373  .00004366  00000+0  43271-3 0  3776
2 38358   6.0291 137.8443 0013308  52.0864 307.9725 14.83811256 90783
1 38358U 12031A   14047.18018561  .00002656  00000+0  23219-3 0  3789
2 38358   6.0304 124.2034 0011528  81.3938 278.8047 14.83816231 91066
1 38358U 12031A   14048.99494575  .00003092  00000+0  28330-3 0  3797
2 38358   6.0299 111.1131 0011496 108.4831 251.6652 14.83826455 91339
1 38358U 12031A   14050.13757155  .00003458  00000+0  32622-3 0  3809
2 38358   6.0299 102.8916 0011493 124.7996 235.3281 14.83833856 91506
1 38358U 12031A   14051.21297761  .00003411  00000+0  32063-3 0  3810
2 38358   6.0303  95.1095 0011758 144.4615 215.6712 14.83839549 91667
1 38358U 12031A   14052.62443357  .00003708  00000+0  35530-3 0  3822
2 38358   6.0303  84.9536 0011755 164.6176 195.4394 14.83848983 91872
1 38358U 12031A   14053.09491743  .00004725  00000+0  47445-3 0  3835
2 38358   6.0224  81.5268 0012172 175.1561 184.9351 14.83857368 91949
1 38358U 12031A   14054.10308013  .00004561  00000+0  45507-3 0  3841
2 38358   6.0212  74.2996 0012167 188.9405 171.0177 14.83864415 92097
1 38358U 12031A   14056.32104495  .00003712  00000+0  35536-3 0  3854
2 38358   6.0271  58.2256 0012657 218.6214 141.3237 14.83875899 92428
1 38358U 12031A   14057.19478387  .00004548  00000+0  45312-3 0  3866
2 38358   6.0278  51.9602 0013084 230.0251 129.8705 14.83885843 92559
1 38358U 12031A   14059.27830013  .00004780  00000+0  48009-3 0  3870
2 38358   6.0278  36.9406 0013178 258.6185 101.2489 14.83904220 92868
1 38358U 12031A   14060.08481932  .00006059  00000+0  62965-3 0  3882
2 38358   6.0278  31.1367 0013175 270.1375  89.7480 14.83917068 92986
1 38358U 12031A   14061.96666826  .00006857  00000+0  72217-3 0  3895
2 38358   6.0201  17.5798 0014407 298.8043  61.0820 14.83942736 93269
1 38358U 12031A   14063.37804003  .00003418  00000+0  32025-3 0  3908
2 38358   6.0283   7.3996 0013546 320.9166  38.9543 14.83943230 93470
1 38358U 12031A   14064.31896990  .00005242  00000+0  53322-3 0  3910
2 38358   6.0273   0.6514 0014053 327.6103  32.3513 14.83959614 93614
1 38358U 12031A   14066.13356616  .00006079  00000+0  63092-3 0  3923
2 38358   6.0262 347.4641 0013040 350.9697   9.1640 14.83982418 93887
1 38358U 12031A   14067.14164170  .00005206  00000+0  52882-3 0  3934
2 38358   6.0251 340.1582 0013159   6.2038 353.8606 14.83989702 94032
1 38358U 12031A   14068.01532039  .00005988  00000+0  61993-3 0  3945
2 38358   6.0312 333.9769 0013298  20.7396 339.2310 14.84001611 94168
1 38358U 12031A   14069.15783840  .00005113  00000+0  51776-3 0  3958
2 38358   6.0254 325.6422 0013027  35.0016 325.1763 14.84007237 94330
1 38358U 12031A   14070.30031865  .00004636  00000+0  46202-3 0  3968
2 38358   6.0243 317.4173 0012609  52.3138 307.8053 14.84014236 94507
1 38358U 12031A   14072.24926238  .00005050  00000+0  51014-3 0  3979
2 38358   6.0236 303.3901 0012595  77.7512 282.4060 14.84032911 94790
1 38358U 12031A   14074.13096418  .00004904  00000+0  49294-3 0  3982
2 38358   6.0236 289.8099 0012151 104.5603 255.5904 14.84048820 95070
1 38358U 12031A   14076.01264191  .00004705  00000+0  46957-3 0  3999
2 38358   6.0256 276.2436 0012197 135.4113 224.6992 14.84063895 95350
1 38358U 12031A   14077.15508198  .00004992  00000+0  50287-3 0  4005
2 38358   6.0255 268.0543 0012158 149.8814 210.1692 14.84074890 95524
1 38358U 12031A   14078.23031679  .00003703  00000+0  35251-3 0  4014
2 38358   6.0252 260.1869 0012489 168.2072 191.9255 14.84075449 95682
1 38358U 12031A   14080.11193782  .00005747  00000+0  59029-3 0  4028
2 38358   6.0239 246.5972 0013186 196.3903 163.6500 14.84099151 95966
1 38358U 12031A   14081.11993437  .00005349  00000+0  54383-3 0  4031
2 38358   6.0398 239.2821 0013306 209.7042 150.2816 14.84107788 96117
1 38358U 12031A   14082.19513046  .00004848  00000+0  48535-3 0  4040
2 38358   6.0515 231.4868 0013356 226.8418 133.1163 14.84115948 96274
1 38358U 12031A   14084.14392241  .00005739  00000+0  58878-3 0  4051
2 38358   6.0290 217.5310 0013367 253.0427 106.8147 14.84138773 96567
1 38358U 12031A   14085.15191206  .00005953  00000+0  61345-3 0  4063
2 38358   6.0302 210.2464 0013625 267.8607  92.0333 14.84150002 96710
1 38358U 12031A   14086.15988718  .00005641  00000+0  57701-3 0  4072
2 38358   6.0302 202.9900 0013620 282.2624  77.5918 14.84158998 96863
1 38358U 12031A   14087.16786628  .00005674  00000+0  58057-3 0  4082
2 38358   6.0297 195.6990 0014190 295.8744  64.0411 14.84169405 97011
1 38358U 12031A   14088.98220996  .00006235  00000+0  64587-3 0  4094
2 38358   6.0298 182.6289 0012292 312.9455  47.0079 14.84191983 97286
1 38358U 12031A   14090.05735642  .00006001  00000+0  61841-3 0  4107
2 38358   6.0281 174.8657 0012907 328.6195  31.3448 14.84202676 97444
1 38358U 12031A   14091.13249941  .00005560  00000+0  56700-3 0  4117
2 38358   6.0317 167.1086 0012856 345.8620  14.1089 14.84211051 97607
1 38358U 12031A   14092.14044746  .00005435  00000+0  55233-3 0  4127
2 38358   6.0305 159.8417 0012963   0.1385 359.8862 14.84220357 97751
1 38358U 12031A   14093.14838599  .00005629  00000+0  57466-3 0  4131
2 38358   6.0283 152.5721 0013048  14.1340 345.9316 14.84230617 97902
1 38358U 12031A   14095.16424802  .00004569  00000+0  45194-3 0  4141
2 38358   6.0206 138.0360 0010731  42.8474 317.2670 14.84244324 98206
1 38358U 12031A   14096.97849850  .00004590  00000+0  45396-3 0  4154
2 38358   6.0246 124.9714 0011747  70.1815 289.9569 14.84258630 98474
1 38358U 12031A   14098.18798669  .00004842  00000+0  48305-3 0  4164
2 38358   6.0235 116.1905 0011830  91.9686 268.2291 14.84268274 98654
1 38358U 12031A   14099.19587770  .00004216  00000+0  41042-3 0  4172
2 38358   6.0239 108.8716 0011802 106.1778 254.0163 14.84273664 98803
1 38358U 12031A   14100.40534118  .00004239  00000+0  41288-3 0  4185
2 38358   6.0253 100.1608 0011848 125.1571 234.9669 14.84282786 98988
1 38358U 12031A   14101.48041920  .00003864  00000+0  36936-3 0  4196
2 38358   6.0242  92.4195 0012061 141.1745 218.9036 14.84288215 99141
1 38358U 12031A   14102.95864970  .00003873  00000+0  37023-3 0  4207
2 38358   6.0244  81.7653 0012110 162.2939 197.7624 14.84297097 99366
1 38358U 12031A   14103.96652558  .00004126  00000+0  39950-3 0  4210
2 38358   6.0228  74.5130 0012351 177.1992 182.8251 14.84305108 99510
1 38358U 12031A   14105.37754166  .00004150  00000+0  40204-3 0  4227
2 38358   6.0243  64.3275 0012735 198.5042 161.4864 14.84314943 99726
1 38358U 12031A   14107.12448250  .00004345  00000+0  42449-3 0  4236
2 38358   6.0273  51.6637 0012913 223.3420 136.5806 14.84328959 99984
1 38358U 12031A   14108.19952678  .00003958  00000+0  37954-3 0  4243
2 38358   6.0279  43.9026 0013114 238.8190 121.0758 14.84334604100145
1 38358U 12031A   14109.20737807  .00003978  00000+0  38172-3 0  4257
2 38358   6.0276  36.6488 0013296 253.3469 106.5182 14.84341752100292
1 38358U 12031A   14109.94646932  .00004745  00000+0  47057-3 0  4262
2 38358   6.0283  31.3047 0013094 262.7019  97.2039 14.84351090100400
1 38358U 12031A   14110.95430669  .00005008  00000+0  50087-3 0  4274
2 38358   6.0266  24.0222 0013235 277.0671  82.8252 14.84360513100558
1 38358U 12031A   14112.29808724  .00004512  00000+0  44330-3 0  4288
2 38358   6.0261  14.3843 0013197 296.7740  63.0486 14.84368621100756
1 38358U 12031A   14113.23874583  .00005166  00000+0  51842-3 0  4292
2 38358   6.0219   7.5165 0015236 310.2983  49.7040 14.84380890100891
1 38358U 12031A   14115.25437664  .00004812  00000+0  47739-3 0  4300
2 38358   6.0255 352.9462 0014483 338.5690  21.4133 14.84396155101194
1 38358U 12031A   14117.00126433  .00004518  00000+0  44346-3 0  4319
2 38358   6.0258 340.2973 0013867 359.3421   0.7654 14.84407471101453
1 38358U 12031A   14118.00906058  .00004063  00000+0  39094-3 0  4329
2 38358   6.0265 333.0596 0013250  13.0063 347.0161 14.84412278101602
1 38358U 12031A   14121.16684764  .00003175  00000+0  28835-3 0  4343
2 38358   6.0284 310.2287 0011819  61.4194 298.7124 14.84424309102079
1 38358U 12031A   14122.24183269  .00003375  00000+0  31143-3 0  4356
2 38358   6.0284 302.4866 0011817  76.7843 283.3552 14.84429663102234
1 38358U 12031A   14124.99645603  .00002569  00000+0  21816-3 0  4366
2 38358   6.0284 282.6474 0011811 116.1571 243.9469 14.84439145102649
1 38358U 12031A   14127.14636719  .00002941  00000+0  26088-3 0  4375
2 38358   6.0271 267.0410 0012828 151.6072 208.4757 14.84449231102958
1 38358U 12031A   14128.15414028  .00003113  00000+0  28103-3 0  4387
2 38358   6.0287 259.8107 0011357 167.9088 192.1229 14.84454613103101
1 38358U 12031A   14129.09472700  .00002918  00000+0  25843-3 0  4393
2 38358   6.0287 253.0363 0011355 181.3540 178.6520 14.84458693103242
1 38358U 12031A   14130.10249479  .00003164  00000+0  28685-3 0  4393
2 38358   6.0287 245.7779 0011353 195.7596 164.2244 14.84464607103391
1 38358U 12031A   14130.97588860  .00003660  00000+0  34380-3 0  4400
2 38358   6.0387 239.4840 0013121 198.1469 161.7887 14.84471628103523
1 38358U 12031A   14132.11801926  .00003657  00000+0  34340-3 0  4412
2 38358   6.0346 231.2432 0013005 216.3364 143.6101 14.84478274103693
1 38358U 12031A   14134.13352171  .00003383  00000+0  31157-3 0  4430
2 38358   6.0302 216.7148 0013182 248.1045 111.7860 14.84488293103995
1 38358U 12031A   14135.14126925  .00003663  00000+0  34385-3 0  4446
2 38358   6.0301 209.4498 0013452 263.6967  96.1800 14.84494981104145
1 38358U 12031A   14136.14901407  .00003335  00000+0  30586-3 0  4459
2 38358   6.0267 202.1722 0013630 277.8585  82.0158 14.84499389104290
1 38358U 12031A   14137.22394109  .00003339  00000+0  30630-3 0  4469
2 38358   6.0237 194.3780 0013468 286.2579  73.6454 14.84505199104459
1 38358U 12031A   14138.97068563  .00003219  00000+0  29251-3 0  4479
2 38358   6.0255 181.7668 0013340 313.6274  46.2853 14.84513774104716
1 38358U 12031A   14140.11278982  .00003071  00000+0  27532-3 0  4483
2 38358   6.0248 173.5253 0013439 330.3479  29.6006 14.84518628104885
1 38358U 12031A   14141.18770888  .00002883  00000+0  25367-3 0  4498
2 38358   6.0237 165.7438 0013331 345.6369  14.3710 14.84522576105048
1 38358U 12031A   14142.53134854  .00002616  00000+0  22284-3 0  4506
2 38358   6.0243 156.0506 0013327   5.9337 354.0928 14.84527337105247
1 38358U 12031A   14144.07653394  .00001971  00000+0  14846-3 0  4511
2 38358   6.0249 144.8656 0012529  28.1386 331.9494 14.84529521105472
1 38358U 12031A   14145.95762500  .00002483  00000+0  20753-3 0  4523
2 38358   6.0254 131.2997 0012447  54.5452 305.6042 14.84537820105751
1 38358U 12031A   14147.09970580  .00002386  00000+0  19626-3 0  4539
2 38358   6.0252 123.0496 0012621  71.0446 289.1200 14.84541224105927
1 38358U 12031A   14148.10742158  .00002191  00000+0  17377-3 0  4546
2 38358   6.0240 115.7708 0012680  85.0456 275.1285 14.84543554106072
1 38358U 12031A   14149.18231487  .00001582  00000+0  10357-3 0  4558
2 38358   6.0263 107.9695 0011886 103.5679 256.6247 14.84543739106230
1 38358U 12031A   14151.19772837  .00001817  00000+0  13073-3 0  4561
2 38358   6.0273  93.4311 0011952 133.5190 226.6085 14.84548733106539
1 38358U 12031A   14153.14595726  .00001559  00000+0  10087-3 0  4574
2 38358   6.0330  79.3958 0012774 160.7668 199.2885 14.84551561106826
1 38358U 12031A   14154.15366246  .00001600  00000+0  10552-3 0  4584
2 38358   6.0330  72.1369 0012773 175.1731 184.8532 14.84553662106972
1 38358U 12031A   14155.16136478  .00001785  00000+0  12682-3 0  4599
2 38358   6.0273  64.8353 0013486 187.9862 172.0515 14.84555677107123
1 38358U 12031A   14156.37059700  .00001461  00000+0  89386-4 0  4604
2 38358   6.0277  56.1200 0013543 204.4005 155.5467 14.84556617107307
1 38358U 12031A   14158.18445839  .00002003  00000+0  15182-3 0  4613
2 38358   6.0276  43.0214 0013570 233.9770 125.9539 14.84562977107578
1 38358U 12031A   14159.99831035  .00001903  00000+0  14040-3 0  4621
2 38358   6.0273  29.9178 0013356 261.3963  98.4943 14.84566553107845
1 38358U 12031A   14161.14036508  .00001814  00000+0  13003-3 0  4633
2 38358   6.0273  21.6908 0013355 277.7242  82.1341 14.84568889108011
1 38358U 12031A   14162.14806623  .00002173  00000+0  17141-3 0  4644
2 38358   6.0243  14.3580 0013760 294.0602  65.8844 14.84572818108164
1 38358U 12031A   14163.22293172  .00002379  00000+0  19505-3 0  4658
2 38358   6.0243   6.6150 0013759 309.4278  50.4689 14.84577278108329
1 38358U 12031A   14164.43216502  .00002598  00000+0  22037-3 0  4662
2 38358   6.0252 357.9172 0013292 319.8576  40.0622 14.84582528108509
1 38358U 12031A   14166.11164103  .00002423  00000+0  20010-3 0  4675
2 38358   6.0265 345.7444 0013601 343.1413  16.8228 14.84587542108755
1 38358U 12031A   14167.52241109  .00002349  00000+0  19167-3 0  4682
2 38358   6.0268 335.5802 0013510   3.1528 356.8711 14.84592191108965
1 38358U 12031A   14169.13471332  .00001970  00000+0  14802-3 0  4695
2 38358   6.0284 323.9132 0013275  25.4066 334.7230 14.84595228109205
1 38358U 12031A   14170.20956449  .00002006  00000+0  15230-3 0  4701
2 38358   6.0273 316.1552 0012310  39.7050 320.4058 14.84598344109362
1 38358U 12031A   14171.55313017  .00002195  00000+0  17384-3 0  4710
2 38358   6.0303 306.4910 0013071  60.3158 299.7494 14.84603399109561
1 38358U 12031A   14173.03105568  .00001257  00000+0  65990-4 0  4721
2 38358   6.0300 295.7865 0011493  81.1890 278.9333 14.84602463109783
1 38358U 12031A   14174.03873604  .00001351  00000+0  76814-4 0  4738
2 38358   6.0300 288.5271 0011493  95.5962 264.5508 14.84604223109931
1 38358U 12031A   14175.11358733  .00001639  00000+0  10991-3 0  4742
2 38358   6.0344 280.6965 0012606 116.1464 244.0713 14.84607174110094
1 38358U 12031A   14176.12124251  .00001668  00000+0  11324-3 0  4754
2 38358   6.0313 273.4462 0012736 128.9868 231.1262 14.84609245110249
1 38358U 12031A   14177.19608920  .00001389  00000+0  81223-4 0  4769
2 38358   6.0329 265.7023 0011439 149.9146 210.1901 14.84609361110408
1 38358U 12031A   14178.53964069  .00001569  00000+0  10203-3 0  4777
2 38358   6.0316 256.0323 0010972 170.4152 189.6349 14.84612228110601
1 38358U 12031A   14180.01754469  .00001252  00000+0  65493-4 0  4786
2 38358   6.0293 245.3973 0011162 192.5071 167.4621 14.84612823110826
1 38358U 12031A   14181.02521130  .00001267  00000+0  66904-4 0  4790
2 38358   6.0319 238.0856 0012955 205.4493 154.5441 14.84614542110970
1 38358U 12031A   14182.10004255  .00001227  00000+0  62342-4 0  4804
2 38358   6.0313 230.3208 0012890 222.1572 137.7864 14.84616139111137
1 38358U 12031A   14183.17487527  .00001895  00000+0  13928-3 0  4816
2 38358   6.0313 222.5775 0012889 237.5250 122.3667 14.84620788111293
1 38358U 12031A   14184.31688006  .00001630  00000+0  10873-3 0  4822
2 38358   6.0272 214.2908 0013194 252.6172 107.2531 14.84622173111465
1 38358U 12031A   14186.13066445  .00002917  00000+0  25686-3 0  4839
2 38358   6.0272 201.2237 0013192 278.5512  81.3201 14.84633482111730
1 38358U 12031A   14188.01162137  .00002682  00000+0  22976-3 0  4842
2 38358   6.0272 187.6725 0013188 305.4460  54.4419 14.84640044112012
1 38358U 12031A   14189.08645524  .00002741  00000+0  23642-3 0  4854
2 38358   6.0284 179.9212 0013405 318.7110  41.2207 14.84644681112178
1 38358U 12031A   14190.22844935  .00002885  00000+0  25294-3 0  4864
2 38358   6.0268 171.6007 0013610 331.3399  28.6568 14.84650387112347
1 38358U 12031A   14192.10937799  .00003150  00000+0  28336-3 0  4871
2 38358   6.0239 158.0330 0013281 357.5042   2.5110 14.84660594112628
1 38358U 12031A   14193.18419479  .00003209  00000+0  29021-3 0  4888
2 38358   6.0230 150.2606 0013137  13.0978 346.9844 14.84666621112784
1 38358U 12031A   14194.99793128  .00003121  00000+0  27997-3 0  4898
2 38358   6.0265 137.1823 0013206  37.9174 322.1857 14.84675296113056
1 38358U 12031A   14196.20707795  .00002523  00000+0  21117-3 0  4904
2 38358   6.0269 128.4110 0013250  57.1441 302.9864 14.84677648113239
1 38358U 12031A   14197.41623150  .00002300  00000+0  18558-3 0  4919
2 38358   6.0271 119.6641 0012891  74.5802 285.5969 14.84680206113413
1 38358U 12031A   14199.16277240  .00001414  00000+0  83868-4 0  4921
2 38358   6.0274 107.0723 0012109 100.1363 259.9984 14.84680784113679
1 38358U 12031A   14201.04366618  .00001318  00000+0  72778-4 0  4932
2 38358   6.0261  93.4904 0012223 127.7920 232.3659 14.84683094113957
1 38358U 12031A   14202.05127645  .00001265  00000+0  66619-4 0  4948
2 38358   6.0261  86.2306 0012222 142.2003 217.8929 14.84683673114105
1 38358U 12031A   14203.12606213  .00000927  00000+0  27827-4 0  4953
2 38358   6.0263  78.4657 0012162 158.0620 201.9899 14.84682973114261
1 38358U 12031A   14204.26802858  .00000437  00000+0 -28609-4 0  4969
2 38358   6.0260  70.1906 0012894 174.2180 185.8553 14.84681060114439
1 38358U 12031A   14206.14889344  .00001413  00000+0  83584-4 0  4971
2 38358   6.0252  56.5872 0012735 202.7925 157.2044 14.84687238114710
1 38358U 12031A   14207.15649836  .00001408  00000+0  83015-4 0  4987
2 38358   6.0249  49.2910 0012877 217.3651 142.5968 14.84688632114860
1 38358U 12031A   14209.03736585  .00001282  00000+0  68502-4 0  4999
2 38358   6.0253  35.7229 0012802 244.0067 115.8738 14.84690770115140
1 38358U 12031A   14210.11215410  .00001405  00000+0  82612-4 0  5007
2 38358   6.0267  27.9541 0012885 259.3473 100.5485 14.84692561115304
1 38358U 12031A   14211.45563490  .00002182  00000+0  17190-3 0  5011
2 38358   6.0267  18.2742 0012884 278.5588  81.3312 14.84699256115504
1 38358U 12031A   14213.13497395  .00002251  00000+0  17972-3 0  5024
2 38358   6.0257   6.1223 0013771 298.6961  61.1811 14.84702485115753
1 38358U 12031A   14214.20975898  .00002324  00000+0  18806-3 0  5031
2 38358   6.0294 358.3380 0013858 313.5302  46.4097 14.84706289115918
1 38358U 12031A   14216.02345033  .00002227  00000+0  17694-3 0  5042
2 38358   6.0294 345.2699 0013856 339.4657  20.4939 14.84711703116188
1 38358U 12031A   14218.17300020  .00003168  00000+0  28508-3 0  5060
2 38358   6.0285 329.7361 0012684   6.7632 353.3076 14.84724982116505
1 38358U 12031A   14220.12101552  .00002804  00000+0  24335-3 0  5078
2 38358   6.0339 315.6735 0012062  38.1208 321.9925 14.84731836116793
1 38358U 12031A   14221.12860204  .00002597  00000+0  21953-3 0  5088
2 38358   6.0327 308.4109 0012184  50.0586 310.0589 14.84735343116941
1 38358U 12031A   14223.00943444  .00002024  00000+0  15388-3 0  5096
2 38358   6.0358 294.8810 0011378  80.6866 279.4313 14.84739145117225
1 38358U 12031A   14224.15136538  .00001926  00000+0  14248-3 0  5107
2 38358   6.0330 286.6111 0011558  94.8017 265.3832 14.84741692117391
1 38358U 12031A   14225.36045351  .00001617  00000+0  10710-3 0  5111
2 38358   6.0317 277.8684 0011479 114.6914 245.4605 14.84742464117577
1 38358U 12031A   14227.17408423  .00001624  00000+0  10780-3 0  5121
2 38358   6.0280 264.7458 0011350 141.5329 218.6000 14.84745768117848
1 38358U 12031A   14228.45033722  .00000948  00000+0  30245-4 0  5137
2 38358   6.0280 255.5495 0011349 159.7844 200.2601 14.84744032118037
1 38358U 12031A   14229.99528213  .00001535  00000+0  97616-4 0  5140
2 38358   6.0299 244.3714 0011444 183.1764 176.8901 14.84750033118269
1 38358U 12031A   14231.07001163  .00001830  00000+0  13142-3 0  5152
2 38358   6.0299 236.6273 0011443 198.5459 161.4251 14.84753137118427
1 38358U 12031A   14232.34626504 -.00000276  00000+0 -11046-3 0  5162
2 38358   6.0312 227.4395 0011701 221.3135 138.5811 14.84746433118618
1 38358U 12031A   14233.35384768  .00001360  00000+0  77402-4 0  5170
2 38358   6.0285 220.1446 0012404 231.0925 128.8870 14.84753638118768
1 38358U 12031A   14235.50329823  .00001775  00000+0  12492-3 0  5188
2 38358   6.0254 204.6049 0013148 261.6186  98.2347 14.84760118119080
1 38358U 12031A   14237.45126182  .00001470  00000+0  89871-4 0  5196
2 38358   6.0235 190.5250 0013335 289.4346  70.4675 14.84764011119374
1 38358U 12031A   14241.21281592  .00002499  00000+0  20777-3 0  5227
2 38358   6.0247 163.3555 0013720 341.1441  18.8148 14.84780863119939
1 38358U 12031A   14241.21281682  .00007576  00000+0  86655-3 0  5214
2 38358   6.0264 163.3123 0012850 341.1093  18.9043 14.84780644119937
1 38358U 12031A   14242.22037778  .00002634  00000+0  22322-3 0  5234
2 38358   6.0247 156.0949 0013719 355.5540   4.4520 14.84785351120082
1 38358U 12031A   14244.03396950  .00002560  00000+0  21477-3 0  5244
2 38358   6.0234 143.0139 0013437  22.2038 337.8506 14.84792956120358
1 38358U 12031A   14245.04152448  .00002826  00000+0  24543-3 0  5251
2 38358   6.0204 135.6810 0011993  32.0922 328.0761 14.84797696120502
1 38358U 12031A   14246.25056516  .00002667  00000+0  22703-3 0  5264
2 38358   6.0272 127.0265 0012993  50.6571 309.4016 14.84801944120680
1 38358U 12031A   14248.19847393  .00002587  00000+0  21781-3 0  5277
2 38358   6.0216 112.9675 0012828  77.2104 282.8526 14.84807945120979
1 38358U 12031A   14250.01203066  .00002715  00000+0  23265-3 0  5287
2 38358   6.0207  99.7980 0011710 103.3392 256.8119 14.84815799121245
1 38358U 12031A   14251.01955695  .00002914  00000+0  25544-3 0  5294
2 38358   6.0250  92.4526 0011346 122.1532 238.0720 14.84820393121391
1 38358U 12031A   14252.16139996  .00002800  00000+0  24226-3 0  5301
2 38358   6.0257  84.2238 0011664 139.9152 220.2009 14.84825039121568
1 38358U 12031A   14253.63908616  .00002801  00000+0  24235-3 0  5319
2 38358   6.0247  73.6140 0011653 162.0348 197.9728 14.84831503121788
1 38358U 12031A   14254.37792567  .00003495  00000+0  32181-3 0  5327
2 38358   6.0258  68.2438 0011905 174.3926 185.6421 14.84839056121895
1 38358U 12031A   14255.51975906  .00003382  00000+0  30873-3 0  5336
2 38358   6.0257  59.9780 0012174 191.4889 168.4960 14.84844269122067
1 38358U 12031A   14256.99742434  .00003788  00000+0  35508-3 0  5348
2 38358   6.0228  49.3078 0012552 212.8500 147.0910 14.84855062122281
1 38358U 12031A   14258.00492050  .00003426  00000+0  31375-3 0  5356
2 38358   6.0235  42.0662 0011897 227.2769 132.5956 14.84858724122430
1 38358U 12031A   14259.14675720  .00003836  00000+0  36016-3 0  5362
2 38358   6.0261  33.7686 0013530 243.8118 116.1967 14.84869890122605
1 38358U 12031A   14260.15422206  .00003465  00000+0  31773-3 0  5378
2 38358   6.0304  26.4514 0013596 257.9704 101.9407 14.84874436122750
1 38358U 12031A   14262.16920121  .00003768  00000+0  35214-3 0  5381
2 38358   6.0310  11.9112 0014103 284.5213  75.4267 14.84886205123056
1 38358U 12031A   14264.04983036  .00003129  00000+0  27907-3 0  5486
2 38358   6.0337 358.3909 0014021 309.2340  50.6548 14.84893476123338
1 38358U 12031A   14265.32596864  .00003130  00000+0  27926-3 0  5491
2 38358   6.0301 349.1079 0013446 326.3063  33.6695 14.84899600123527
1 38358U 12031A   14266.73642966  .00002593  00000+0  21785-3 0  5514
2 38358   6.0301 338.9421 0013444 346.4816  13.4761 14.84902962123730
1 38358U 12031A   14266.73642966  .00002593  00000+0  21785-3 0  5525
2 38358   6.0301 338.9421 0013444 346.4816  13.4761 14.84902962123730
1 38358U 12031A   14267.34091748  .00002977  00000+0  26173-3 0  5532
2 38358   6.0301 334.5853 0013442 355.1282   4.8716 14.84907887123828
1 38358U 12031A   14269.15436350  .00003390  00000+0  30901-3 0  5551
2 38358   6.0336 321.5097 0012739  18.1545 341.9047 14.84918594124097
1 38358U 12031A   14270.16182859  .00003794  00000+0  35508-3 0  5563
2 38358   6.0340 314.1931 0012524  34.4134 325.7391 14.84926210124247
1 38358U 12031A   14272.04240983  .00003758  00000+0  35102-3 0  5576
2 38358   6.0294 300.6014 0011811  62.7528 297.4343 14.84936335124528
1 38358U 12031A   14273.18417449  .00004438  00000+0  42853-3 0  5583
2 38358   6.0294 292.3717 0011808  79.0853 281.0668 14.84946828124698
1 38358U 12031A   14274.32593050  .00004511  00000+0  43685-3 0  5590
2 38358   6.0288 284.0958 0011767  96.2632 263.8842 14.84955208124869
1 38358U 12031A   14275.33336291  .00004114  00000+0  39147-3 0  5603
2 38358   6.0288 276.8342 0011764 110.6747 249.4605 14.84960902125012
1 38358U 12031A   14276.34079092  .00004129  00000+0  39301-3 0  5617
2 38358   6.0288 269.5725 0011761 125.0864 235.0394 14.84967962125168
1 38358U 12031A   14277.95265074  .00004504  00000+0  43566-3 0  5628
2 38358   6.0311 257.9480 0011971 150.0280 210.0321 14.84982835125403
1 38358U 12031A   14278.96006388  .00004885  00000+0  47897-3 0  5635
2 38358   6.0285 250.6700 0012119 165.3717 194.7039 14.84992850125555
1 38358U 12031A   14280.23609967  .00004286  00000+0  41049-3 0  5649
2 38358   6.0250 241.4263 0012412 184.2846 175.7448 14.84999716125740
1 38358U 12031A   14281.24349173  .00004438  00000+0  42780-3 0  5654
2 38358   6.0250 234.1644 0012409 198.6975 161.2666 14.85007332125893
1 38358U 12031A   14284.93724464  .00004235  00000+0  40435-3 0  5664
2 38358   6.0250 207.5368 0012397 251.5459 108.3162 14.85033007126445
1 38358U 12031A   14286.01175043  .00002583  00000+0  21589-3 0  5672
2 38358   6.0254 199.5931 0013550 262.8945  96.9643 14.85037163126603
1 38358U 12031A   14287.01912659  .00002385  00000+0  19328-3 0  5684
2 38358   6.0253 192.3122 0013558 276.4982  83.3603 14.85041922126755
1 38358U 12031A   14288.42944775  .00001935  00000+0  14209-3 0  5698
2 38358   6.0255 182.0963 0012702 295.0737  64.8074 14.85051280126968
1 38358U 12031A   14290.17555488  .00001894  00000+0  13744-3 0  5701
2 38358   6.0253 169.4788 0012697 319.8764  40.0428 14.85061718127224
1 38358U 12031A   14292.99617124  .00004378  00000+0  42027-3 0  5716
2 38358   6.0257 149.0910 0011970   0.9031 359.1119 14.85074979127647
1 38358U 12031A   14294.40646581  .00005960  00000+0  60027-3 0  5722
2 38358   6.0269 138.8998 0011445  23.2027 336.8617 14.85086002127850
1 38358U 12031A   14296.35399674  .00004759  00000+0  46345-3 0  5739
2 38358   6.0266 124.8266 0011513  52.8811 307.2368 14.85102347128144
1 38358U 12031A   14297.36133189  .00004519  00000+0  43601-3 0  5745
2 38358   6.0260 117.5596 0011519  67.3848 292.7498 14.85111231128290
1 38358U 12031A   14299.04020249  .00005277  00000+0  52200-3 0  5752
2 38358   6.0267 105.4240 0011544  93.5258 266.6191 14.85127271128542
1 38358U 12031A   14300.04751373  .00005364  00000+0  53164-3 0  5762
2 38358   6.0270  98.1425 0011680 108.9283 251.2112 14.85137481128692
1 38358U 12031A   14301.12196988  .00006213  00000+0  62796-3 0  5773
2 38358   6.0274  90.3762 0011870 125.0040 235.1204 14.85148703128856
1 38358U 12031A   14302.33072154  .00005381  00000+0  53314-3 0  5787
2 38358   6.0269  81.6423 0012239 142.9571 217.1403 14.85160301129034
1 38358U 12031A   14303.33800530  .00005491  00000+0  54552-3 0  5793
2 38358   6.0270  74.3593 0012429 157.6463 202.4208 14.85168550129187
1 38358U 12031A   14304.34528302  .00004662  00000+0  45119-3 0  5809
2 38358   6.0272  67.0769 0012689 172.0643 187.9687 14.85177485129334
1 38358U 12031A   14306.09121791  .00003508  00000+0  32004-3 0  5812
2 38358   6.0275  54.4520 0013167 197.4487 162.5189 14.85190968129596
1 38358U 12031A   14308.17289684  .00003885  00000+0  36260-3 0  5826
2 38358   6.0274  39.4072 0013449 224.1937 135.7116 14.85201709129904
1 38358U 12031A   14309.18015445  .00003942  00000+0  36897-3 0  5831
2 38358   6.0276  32.1264 0013509 237.6319 122.2501 14.85211582130056
1 38358U 12031A   14311.12750867  .00004045  00000+0  38053-3 0  5844
2 38358   6.0279  18.0513 0013422 263.2910  96.5690 14.85226265130343
1 38358U 12031A   14312.53765288  .00004131  00000+0  39017-3 0  5851
2 38358   6.0280   7.8623 0013348 282.5003  77.3632 14.85237026130550
1 38358U 12031A   14314.21638687  .00005525  00000+0  54810-3 0  5867
2 38358   6.0279 355.7371 0013064 305.9981  53.8937 14.85249869130806
1 38358U 12031A   14315.29076988  .00004516  00000+0  43375-3 0  5870
2 38358   6.0279 347.9711 0012716 320.6812  39.2394 14.85260072130968
1 38358U 12031A   14317.10377843  .00004419  00000+0  42264-3 0  5885
2 38358   6.0278 334.8666 0012238 346.6869  13.2937 14.85273967131233
1 38358U 12031A   14319.05107248  .00005562  00000+0  55143-3 0  5892
2 38358   6.0279 320.8994 0013801  14.6241 345.3724 14.85292888131524
1 38358U 12031A   14320.32685973  .00006753  00000+0  68659-3 0  5901
2 38358   6.0275 311.5663 0011580  35.3062 324.7832 14.85302335131714
1 38358U 12031A   14323.21413859  .00006071  00000+0  60901-3 0  5910
2 38358   6.0276 290.6940 0011516  79.5327 280.6099 14.85329792132142
1 38358U 12031A   14324.22131399  .00005435  00000+0  53702-3 0  5923
2 38358   6.0274 283.4123 0011622  95.1879 264.9577 14.85338754132297
1 38358U 12031A   14326.30278635  .00004966  00000+0  48360-3 0  5932
2 38358   6.0266 268.3661 0011980 127.4980 232.6239 14.85356904132605
1 38358U 12031A   14328.18279883  .00004216  00000+0  39864-3 0  5944
2 38358   6.0244 254.7714 0012471 154.7090 205.3650 14.85372957132880
1 38358U 12031A   14330.19707127  .00004566  00000+0  43790-3 0  5957
2 38358   6.0243 240.1983 0012968 183.4933 176.5105 14.85387841133188
1 38358U 12031A   14331.27134213  .00004528  00000+0  43342-3 0  5969
2 38358   6.0247 232.4287 0013272 197.5552 162.4118 14.85396621133347
1 38358U 12031A   14333.15130260  .00004706  00000+0  45323-3 0  5976
2 38358   6.0252 218.8380 0013448 223.2589 136.6483 14.85412144133625
1 38358U 12031A   14335.16552800  .00005292  00000+0  51918-3 0  5986
2 38358   6.0249 204.2727 0013502 250.0673 109.8001 14.85428946133926
1 38358U 12031A   14336.30691503  .00002829  00000+0  24128-3 0  5994
2 38358   6.0253 196.0184 0013471 265.6756  94.1833 14.85440336134090
1 38358U 12031A   14337.38115654  .00004786  00000+0  46184-3 0  6004
2 38358   6.0248 188.2515 0013379 279.9223  79.9395 14.85448861134252
1 38358U 12031A   14339.12678886  .00004690  00000+0  45101-3 0  6012
2 38358   6.0247 175.6216 0013086 303.1872  56.7002 14.85460386134517
1 38358U 12031A   14340.13388015  .00004047  00000+0  37852-3 0  6028
2 38358   6.0246 168.3361 0012873 317.3324  42.5806 14.85466426134660
1 38358U 12031A   14341.14096789  .00004414  00000+0  41986-3 0  6036
2 38358   6.0249 161.0480 0012645 331.2601  28.6831 14.85474923134816
1 38358U 12031A   14343.35654931  .00003715  00000+0  34101-3 0  6045
2 38358   6.0253 145.0281 0012150   3.6415 356.3802 14.85487398135142
1 38358U 12031A   14345.10214229  .00002926  00000+0  25215-3 0  6052
2 38358   6.0263 132.3998 0011479  29.0111 331.0655 14.85497463135404
1 38358U 12031A   14346.10920668  .00002903  00000+0  24959-3 0  6064
2 38358   6.0262 125.0979 0011217  45.6707 314.4340 14.85503063135552
1 38358U 12031A   14347.11627165  .00003513  00000+0  31811-3 0  6076
2 38358   6.0256 117.8177 0011675  62.0194 298.1115 14.85511565135706
1 38358U 12031A   14349.39891932  .00004391  00000+0  41676-3 0  6089
2 38358   6.0263 101.3059 0011824  97.2162 262.9311 14.85530105136048
1 38358U 12031A   14351.34585525  .00005425  00000+0  53287-3 0  6096
2 38358   6.0268  87.2428 0012061 125.7498 234.3753 14.85547273136337
1 38358U 12031A   14352.62141549  .00005664  00000+0  55945-3 0  6102
2 38358   6.0270  78.0152 0012374 144.6925 215.4024 14.85558563136520
1 38358U 12031A   14354.09836598  .00003891  00000+0  35988-3 0  6116
2 38358   6.0277  67.3347 0012531 166.1843 193.8629 14.85575849136747
1 38358U 12031A   14355.97809806  .00006219  00000+0  62116-3 0  6127
2 38358   6.0280  53.7414 0012978 192.1440 167.8375 14.85592079137027
1 38358U 12031A   14357.11935018  .00006319  00000+0  63210-3 0  6138
2 38358   6.0282  45.4880 0013167 207.8131 152.1293 14.85607110137193
1 38358U 12031A   14358.99904340  .00005604  00000+0  55158-3 0  6148
2 38358   6.0280  31.8963 0013413 232.4147 127.4763 14.85624909137470
1 38358U 12031A   14360.27454006  .00005114  00000+0  49641-3 0  6158
2 38358   6.0284  22.6722 0013481 249.4653 110.4028 14.85635852137666
1 38358U 12031A   14362.01994600  .00004127  00000+0  38561-3 0  6164
2 38358   6.0292  10.0516 0013321 273.2303  86.6302 14.85647483137928
1 38358U 12031A   14363.49682316  .00003724  00000+0  34031-3 0  6176
2 38358   6.0287 359.3728 0013020 293.0576  66.8180 14.85656867138149
1 38358U 12031A   14365.10795314  .00003670  00000+0  33424-3 0  6185
2 38358   6.0286 347.7217 0012616 315.1996  44.7114 14.85666449138389
