HST                     
1 20580U 90037B   24054.63962726  .00006191  00000+0  30350-3 0  9990
2 20580  28.4700  31.5763 0002645 224.1188 135.9193 15.16059691659628
POLAR                   
1 23802U 96013A   24054.91402598  .00000282  00000+0  00000+0 0  9997
2 23802  79.0461 235.7329 5824746 237.6704  52.7747  1.29846910133874
SWAS                    
1 25560U 98071A   24054.89919271  .00003285  00000+0  27786-3 0  9994
2 25560  69.8967 228.6368 0004112 123.1752 236.9802 14.99049398370511
CXO                     
1 25867U 99040B   24056.80623026  .00000953  00000+0  00000+0 0  9999
2 25867  38.9421 165.1930 8979348 288.0527   0.5095  0.37813577 14131
XMM-NEWTON              
1 25989U 99066A   24053.29025316  .00000121  00000+0  00000+0 0  9997
2 25989  68.2220 294.5915 5264786  78.8884  94.8691  0.50134742 18777
TERRA                   
1 25994U 99068A   24055.15859319  .00000657  00000+0  14770-3 0  9997
2 25994  98.0625 121.9462 0002292  34.8112  17.8000 14.59569952286535
CLUSTER II-FM7 (SAMBA)  
1 26410U 00041A   24056.26226636  .00000060  00000+0  00000+0 0  9992
2 26410 138.1901 356.0487 7194967 210.8423 359.4642  0.44182540 16541
CLUSTER II-FM6 (SALSA)  
1 26411U 00041B   24056.23862840  .00002048  00000+0  00000+0 0  9991
2 26411 145.9962  14.4060 8793838 228.8952 359.4019  0.44230999 16603
CLUSTER II-FM5 (RUMBA)  
1 26463U 00045A   24056.25483360  .00001555  00000+0  00000+0 0  9992
2 26463 148.3590  11.6227 8308650 226.7398 359.4747  0.44212817 16475
CLUSTER II-FM8 (TANGO)  
1 26464U 00045B   24056.26199529  .00000060  00000+0  00000+0 0  9995
2 26464 138.1982 356.0479 7191128 210.8509 359.4629  0.44222184 16556
ODIN                    
1 26702U 01007A   24054.91827348  .00010514  00000+0  50081-3 0  9999
2 26702  97.4915  70.8136 0007047 332.9948  27.0919 15.19295803259530
TIMED                   
1 26998U 01055B   24054.92262681  .00001950  00000+0  20188-3 0  9992
2 26998  74.0719 129.7389 0002049 252.8192 107.2766 14.90821775204792
INTEGRAL                
1 27540U 02048A   24054.48268935 -.00000092  00000+0  00000+0 0  9992
2 27540  87.9468  26.2016 8677830 285.1844 351.9545  0.37580018 23458
CORIOLIS                
1 27640U 03001A   24055.03334437  .00000210  00000+0  12020-3 0  9996
2 27640  98.7159  64.0701 0015072 121.5974 238.6675 14.19403857 94408
SORCE                   
1 27651U 03004A   24055.16669168  .00003912  00000+0  37212-3 0  9999
2 27651  39.9950   4.6903 0019341 153.5834 206.5946 14.94030334145202
MOST                    
1 27843U 03031D   24054.91216251  .00000154  00000+0  91404-4 0  9994
2 27843  98.7088  63.5200 0010224 163.7337 196.4170 14.20906114 70790
SCISAT 1                
1 27858U 03036A   24054.96045382  .00001241  00000+0  17328-3 0  9995
2 27858  73.9319  45.7951 0009132 296.1678  63.8557 14.78845323106522
SWIFT                   
1 28485U 04047A   24054.91213599  .00010862  00000+0  52424-3 0  9992
2 28485  20.5553 277.2871 0008325 245.4037 114.5532 15.15903362 56799
CLOUDSAT                
1 29107U 06016A   24054.91393399  .00001555  00000+0  23616-3 0  9999
2 29107  98.3970  34.9211 0006126 219.7425 140.3334 14.75575889949247
CALIPSO                 
1 29108U 06016B   24054.92637784  .00001910  00000+0  36418-3 0  9999
2 29108  98.4082  34.0782 0001547  81.4843 278.6534 14.65210653949215
HINODE (SOLAR-B)        
1 29479U 06041A   24055.04057183  .00001013  00000+0  19295-3 0  9999
2 29479  98.0968  71.9575 0019407  82.4987 277.8421 14.66073619931069
SJ-6C                   
1 29505U 06046A   24055.13349085  .00005157  00000+0  40112-3 0  9994
2 29505  97.7385  82.5709 0006642 140.5995 219.5713 15.01699877945036
SJ-6D                   
1 29506U 06046B   24055.14853259  .00002952  00000+0  26400-3 0  9993
2 29506  97.7510  81.1205 0001495  25.6811 334.4484 14.96644631944272
FGRST (GLAST)           
1 33053U 08029A   24054.92548289  .00003888  00000+0  18226-3 0  9993
2 33053  25.5813 273.4075 0010750 138.1076 222.0284 15.15771754867214
WISE                    
1 36119U 09071A   24054.85251087  .00028993  00000+0  45204-3 0  9996
2 36119  97.1660  90.7808 0002272 137.5758 222.5672 15.53813715790430
SDO                     
1 36395U 10005A   24054.63739649 -.00000072  00000+0  00000+0 0  9992
2 36395  32.8865  99.3804 0002044 212.4719 328.5531  1.00276772 51598
CRYOSAT 2               
1 36508U 10013A   24054.94928428  .00000261  00000+0  63970-4 0  9995
2 36508  92.0255  73.3316 0002042   3.2489 356.8732 14.51902562735581
X-SAT                   
1 37389U 11015C   24055.14129942  .00000180  00000+0  95072-4 0  9991
2 37389  98.2961  65.3968 0013121 305.0187  54.9761 14.24631419667990
GCOM-W1 (SHIZUKU)       
1 38337U 12025A   24054.80231404  .00001116  00000+0  25747-3 0  9997
2 38337  98.2020 356.5687 0001036  87.2777 294.6554 14.57171574626073
NUSTAR                  
1 38358U 12031A   24054.91668981  .00014815  00000+0  12574-2 0  9996
2 38358   6.0258 182.8437 0011282 268.0006 320.5267 14.94696157637158
NEOSSAT                 
1 39089U 13009D   24055.12033989  .00000371  00000+0  14500-3 0  9996
2 39089  98.4045 245.4751 0010204 239.3734 120.6446 14.35067135575653
BRITE-AUSTRIA           
1 39091U 13009F   24054.75219085  .00000392  00000+0  15055-3 0  9999
2 39091  98.3856 245.4439 0009398 238.1802 121.8470 14.35692756575847
IRIS                    
1 39197U 13033A   24054.83853385  .00002250  00000+0  29251-3 0  9997
2 39197  97.9652 246.0966 0026054 189.9520 170.1180 14.81462742575153
HISAKI (SPRINT-A)       
1 39253U 13049A   24054.77392562  .00000120  00000+0  77387-4 0  9993
2 39253  29.7182 192.5307 0137105  11.7740 348.5992 13.55372893516779
CASSIOPE                
1 39265U 13055A   24055.14683360  .00018622  00000+0  41522-3 0  9991
2 39265  80.9604 322.2106 0520161 260.0240  94.1900 14.64029591541654
STSAT-3                 
1 39422U 13066G   24055.19294583  .00003324  00000+0  31656-3 0  9998
2 39422  97.5104  39.5223 0022097  26.1830 334.0503 14.93864453557790
SWARM B                 
1 39451U 13067A   24055.19012112  .00004000  00000+0  18897-3 0  9991
2 39451  87.7454 236.5235 0002720  89.6843 270.4712 15.19144215569291
SWARM A                 
1 39452U 13067B   24054.85864360  .00008283  00000+0  27989-3 0  9993
2 39452  87.3493   4.1457 0003583 100.7338 259.4316 15.30492732576263
SWARM C                 
1 39453U 13067C   24054.85855393  .00008246  00000+0  27864-3 0  9991
2 39453  87.3493   2.7423 0003590 100.7033 259.4621 15.30490314576220
BRITE-CA1 (TORONTO)     
1 40020U 14033L   24055.07801811  .00001712  00000+0  28490-3 0  9995
2 40020  97.8568 196.3893 0085096  96.3722 264.7184 14.68929561518228
OCO 2                   
1 40059U 14035A   24054.93225337  .00000919  00000+0  21416-3 0  9995
2 40059  98.2289 357.4419 0002096  78.9450 281.1984 14.57106687513109
BRITE-PL2 (HEWELIUSZ)   
1 40119U 14049B   24054.79974838  .00002562  00000+0  28430-3 0  9997
2 40119  97.8785 155.1084 0016611  25.1880 335.0143 14.88028918515564
RESURS P2               
1 40360U 14087A   24055.15790289  .00021590  00000+0  35102-3 0  9990
2 40360  97.1586 141.5714 0007070  10.6479 349.4923 15.52679712513339
MMS 1                   
1 40482U 15011A   24055.25001157 -.00002580  00000+0  00000+0 0  9997
2 40482  40.8399  21.5040 9148799 137.8419   6.0292  0.28166042 15054
MMS 2                   
1 40483U 15011B   24055.25001157 -.00002575  00000+0  00000+0 0  9992
2 40483  40.8446  21.5058 9147420 137.8299   6.0583  0.28205731 15033
MMS 3                   
1 40484U 15011C   24055.25001157 -.00002575  00000+0  00000+0 0  9993
2 40484  40.8388  21.5055 9146831 137.8341   6.0503  0.28205435 15032
MMS 4                   
1 40485U 15011D   24055.25001157 -.00002575  00000+0  00000+0 0  9994
2 40485  40.8381  21.5012 9147435 137.8316   6.0694  0.28206142 15039
ASTROSAT                
1 40930U 15052A   24054.46658098  .00002314  00000+0  22275-3 0  9990
2 40930   5.9980  99.8232 0009200 246.7842 113.1317 14.78470163454401
DAMPE                   
1 41173U 15078A   24055.16507487  .00001925  00000+0  76225-4 0  9993
2 41173  97.4251  49.2483 0012959 177.4880 182.6426 15.26591132455588
PISAT                   
1 41784U 16059B   24055.07683726  .00001455  00000+0  27533-3 0  9997
2 41784  97.8461  82.2717 0031232  18.6358 341.5982 14.65465763395949
HXMT (HUIYAN)           
1 42758U 17034A   24054.83078529  .00008427  00000+0  44437-3 0  9993
2 42758  43.0138 188.0226 0002000 233.7411 126.3252 15.15827756369496
FLYING LAPTOP           
1 42831U 17042G   24054.91170531  .00002659  00000+0  25137-3 0  9996
2 42831  97.3822 242.5483 0014231 100.1150 260.1678 14.94392745360061
ZHANGZHENG-1 (CSES)     
1 43194U 18015C   24055.12335757  .00016413  00000+0  73479-3 0  9992
2 43194  97.5913 197.8429 0013318 191.6524 168.4405 15.21272671336353
SALSAT                  
1 46495U 20068K   24054.85843302  .00007209  00000+0  43345-3 0  9991
2 46495  97.8031  11.5607 0014022 352.5546   7.5473 15.11097493187032
IXPE                    
1 49954U 21121A   24054.91668981  .00007555  00000+0  57553-3 0  9990
2 49954   0.2300 160.1865 0009499  24.3688  88.1932 14.96619918  5793
