ISS (ZARYA)             
1 25544U 98067A   24055.31454875 -.00206501  00000+0 -38084-2 0  9993
2 25544  51.6395 159.6913 0005280 278.0474 188.7735 15.49214566440899
ISS DEB                 
1 47853U 98067RZ  24055.14853919  .00460698  12462-3  37994-3 0  9999
2 47853  51.6181  70.4613 0004647  48.5871 311.5544 16.13345634168684
CSS (TIANHE)            
1 48274U 21035A   24055.02054716  .00034980  00000+0  38656-3 0  9991
2 48274  41.4683  60.7198 0008265  14.5912 345.5165 15.62284332161224
ISS (NAUKA)             
1 49044U 21066A   24054.77955182  .00018642  00000+0  33052-3 0  9991
2 49044  51.6389 162.3389 0002187 312.8193  47.2612 15.50285243146718
FREGAT DEB              
1 49271U 11037PF  24055.05954055 -.00001635  00000+0 -41857-2 0  9997
2 49271  51.6454 313.3828 0942410 243.5599 106.5598 12.11391557121345
CSS (WENTIAN)           
1 53239U 22085A   24054.70091753  .00034456  00000+0  38115-3 0  9998
2 53239  41.4683  62.6694 0008354  12.0810 348.0229 15.62262707 90190
CSS (MENGTIAN)          
1 54216U 22143A   24054.70091753  .00034456  00000+0  38115-3 0  9999
2 54216  41.4683  62.6694 0008354  12.0810 348.0229 15.62262707 74873
ISS DEB                 
1 57212U 98067VP  24054.53419624  .00076652  00000+0  52768-3 0  9992
2 57212  51.6303 145.6519 0004691 317.1723  42.8910 15.73928420 37940
CREW DRAGON 7           
1 57697U 23128A   24054.77955182  .00018642  00000+0  33052-3 0  9995
2 57697  51.6389 162.3389 0002187 312.8193  47.2612 15.50285243440167
SOYUZ-MS 24             
1 57862U 23143A   24054.77955182  .00018642  00000+0  33052-3 0  9996
2 57862  51.6389 162.3389 0002187 312.8193  47.2612 15.50285243 24798
SHENZHOU-17 (SZ-17)     
1 58146U 23164A   24054.70091753  .00034456  00000+0  38115-3 0  9999
2 58146  41.4683  62.6694 0008354  12.0810 348.0229 15.62262707 18462
ISS DEB                 
1 58174U 98067WA  24054.97888771  .00208555  00000+0  12048-2 0  9996
2 58174  51.6325 151.6459 0006640 334.3962  25.6708 15.77448087 18958
ISS DEB                 
1 58229U 98067WC  24055.00641288  .00069156  00000+0  76760-3 0  9996
2 58229  51.6366 156.3658 0002672 304.9231  55.1512 15.62280290 17684
PROGRESS-MS 25          
1 58460U 23184A   24054.77955182  .00018642  00000+0  33052-3 0  9996
2 58460  51.6389 162.3389 0002187 312.8193  47.2612 15.50285243 13005
BEAK                    
1 58612U 98067WD  24054.88073207  .00074388  00000+0  92306-3 0  9994
2 58612  51.6388 159.2764 0004330 286.0200  74.0316 15.59337724 10588
CLARK SAT-1 (AMBITIOUS) 
1 58613U 98067WE  24055.14084686  .00170649  00000+0  15481-2 0  9993
2 58613  51.6352 156.5096 0008980 316.8325  43.1966 15.66899780 10618
TIANZHOU-7              
1 58811U 24013A   24054.70091753  .00034456  00000+0  38115-3 0  9992
2 58811  41.4683  62.6694 0008354  12.0810 348.0229 15.62262707160379
CYGNUS NG-20            
1 58898U 24021A   24054.77955182  .00018642  00000+0  33052-3 0  9992
2 58898  51.6389 162.3389 0002187 312.8193  47.2612 15.50285243  3559
PROGRESS-MS 26          
1 58961U 24029A   24054.74279412  .00016991  00000+0  30204-3 0  9994
2 58961  51.6406 162.5138 0001898 308.4093 206.3967 15.50282332440802
