1 33749U 09008A   10001.61576788  .00000077  00000+0  10000-3 0  1611
2 33749   0.0143  43.6373 0001402 224.7339 237.4185  1.00272128  3296
1 33749U 09008A   10002.37774490  .00000075  00000+0  10000-3 0  1624
2 33749   0.0166  49.6818 0001395 218.1743 152.9979  1.00272359  3308
1 33749U 09008A   10003.53437094  .00000073  00000+0  10000-3 0  1627
2 33749   0.0187  53.5739 0001402 213.7866 211.0205  1.00272684  3314
1 33749U 09008A   10006.65225699  .00000072  00000+0  10000-3 0  1639
2 33749   0.0648 287.2559 0000794  22.2344 214.3909  1.00265989  3349
1 33749U 09008A   10007.24911703  .00000000  00000+0  10000-3 0  1645
2 33749   0.0035 331.7751 0001263 317.8129  89.7665  1.00270619  3354
1 33749U 09008A   10009.52977950  .00000074  00000+0  10000-3 0  1656
2 33749   0.0441 251.0588 0001089  64.7435 166.8136  1.00271128  3379
1 33749U 09008A   10010.58000569  .00000074  00000+0  10000-3 0  1668
2 33749   0.0423 251.4457 0001456  78.8163 171.4658  1.00271577  3380
1 33749U 09008A   10011.36966095  .00000074  00000+0  10000-3 0  1671
2 33749   0.0408 253.7739 0001387  73.6066  99.3949  1.00271305  3390
1 33749U 09008A   10012.48411659  .00000074  00000+0  10000-3 0  1687
2 33749   0.0386 253.9497 0001335  69.5577 145.5679  1.00271512  3408
1 33749U 09008A   10013.46950444  .00000074  00000+0  10000-3 0  1697
2 33749   0.0370 256.4629 0001304  74.7453 133.5800  1.00272043  3417
1 33749U 09008A   10014.33773624  .00000074  00000+0  10000-3 0  1697
2 33749   0.0351 257.8775 0001251  69.6298  90.6997  1.00272190  3428
1 33749U 09008A   10014.33773624  .00000074  00000+0  10000-3 0  1709
2 33749   0.0351 257.8775 0001251  69.6298  90.6997  1.00272190  3428
1 33749U 09008A   10017.27382194  .00000079  00000+0  10000-3 0  1708
2 33749   0.0304 260.6710 0000929  67.8273  69.6061  1.00273116  3451
1 33749U 09008A   10020.64410513  .00000087  00000+0  10000-3 0  1710
2 33749   0.0208 264.6667 0000985  65.4166 204.6688  1.00274243  3487
1 33749U 09008A   10024.66290970  .00000086  00000+0  10000-3 0  1729
2 33749   0.0449 247.8823 0001552  63.5355 234.0614  1.00270629  3526
1 33749U 09008A   10025.66062432  .00000083  00000+0  10000-3 0  1738
2 33749   0.0423 247.7948 0001444  59.4538 238.3878  1.00270882  3533
1 33749U 09008A   10026.48033601  .00000079  00000+0  10000-3 0  1730
2 33749   0.0404 247.8413 0001486  64.0149 169.6811  1.00271125  3541
1 33749U 09008A   10026.48033601  .00000079  00000+0  10000-3 0  1741
2 33749   0.0404 247.8413 0001486  64.0149 169.6811  1.00271125  3541
1 33749U 09008A   10027.47205748  .00000075  00000+0  10000-3 0  1740
2 33749   0.0390 246.3866 0001494  66.3505 166.7946  1.00271373  3554
1 33749U 09008A   10027.79762918  .00000000  00000+0  10000-3 0  1740
2 33749   0.0101 249.0402 0001072  74.6840 273.3343  1.00267871  3550
1 33749U 09008A   10029.67419850  .00000066  00000+0  10000-3 0  1756
2 33749   0.0632 232.3462 0001611  94.0242 228.0949  1.00271640  3571
1 33749U 09008A   10032.22360771  .00000062  00000+0  10000-3 0  1765
2 33749   0.0390 252.8474 0001402  61.4999  80.4186  1.00272206  3603
1 33749U 09008A   10032.22360771  .00000063  00000+0  10000-3 0  1777
2 33749   0.0322 251.8445 0001433  53.0488  89.8808  1.00272653  3609
1 33749U 09008A   10036.28668804  .00000065  00000+0  10000-3 0  1788
2 33749   0.0328 243.4170 0001475  70.0399 108.0389  1.00273636  3647
1 33749U 09008A   10039.02614723  .00000063  00000+0  10000-3 0  1793
2 33749   0.0454 260.1955 0001454  89.1517 341.0195  1.00270879  3666
1 33749U 09008A   10041.53383487  .00000063  00000+0  10000-3 0  1804
2 33749   0.0463 263.4258 0001432  90.1821 161.9950  1.00271864  3690
1 33749U 09008A   10044.60439529  .00000068  00000+0  10000-3 0  1810
2 33749   0.0452 267.3251 0001540  93.3593 183.3550  1.00272968  3729
1 33749U 09008A   10047.31853635  .00000075  00000+0  10000-3 0  1828
2 33749   0.0387 267.2886 0001540  93.4518  83.0803  1.00273836  3752
1 33749U 09008A   10050.47385259  .00000079  00000+0  10000-3 0  1836
2 33749   0.0572 261.2715 0001349 350.8938 250.7191  1.00272651  3786
1 33749U 09008A   10051.52544469  .00000078  00000+0  10000-3 0  1843
2 33749   0.0312 263.7095 0001582  84.8466 173.9362  1.00275162  3792
1 33749U 09008A   10054.54616429  .00000067  00000+0  10000-3 0  1853
2 33749   0.0475 262.2187 0001869  81.6792 188.9923  1.00271393  3828
1 33749U 09008A   10057.27922973  .00000057  00000+0  10000-3 0  1860
2 33749   0.0420 263.1429 0001946  87.7277  88.6120  1.00272002  3854
1 33749U 09008A   10058.57720873  .00000055  00000+0  10000-3 0  1878
2 33749   0.0399 263.1665 0001945  87.0086 197.8580  1.00272279  3861
1 33749U 09008A   10059.66604025  .00000054  00000+0  10000-3 0  1889
2 33749   0.0372 262.1671 0001952  88.7378 230.1812  1.00272555  3875
1 33749U 09008A   10061.41238659  .00000055  00000+0  10000-3 0  1893
2 33749   0.0332 257.2550 0001902  94.6708 139.5703  1.00273017  3897
1 33749U 09008A   10062.00000000  .00000055  00000+0  00000+0 0  1903
2 33749   0.0460 224.7880 0002953 143.7100 335.1640  1.00269410  3899
1 33749U 09008A   10062.61292491  .00000000  00000+0  10000-3 0  1913
2 33749   0.0262 248.8587 0001857  98.8554 217.1649  1.00269556  3894
1 33749U 09008A   10064.24354581  .00000056  00000+0  10000-3 0  1925
2 33749   0.0463 255.8043 0002001 110.8464  66.8579  1.00271808  3927
1 33749U 09008A   10066.45659920  .00000056  00000+0  10000-3 0  1936
2 33749   0.0391 253.3329 0001968 108.8172 150.2281  1.00271048  3947
1 33749U 09008A   10069.00000000  .00000057  00000+0  00000+0 0  1946
2 33749   0.0310 209.7280 0002300 156.6600 344.1630  1.00271703  3969
1 33749U 09008A   10071.00000000  .00000060  00000+0  00000+0 0  1954
2 33749   0.0320 200.4940 0002469 164.0480 347.9810  1.00270204  3984
1 33749U 09008A   10074.54327635  .00000070  00000+0  00000+0 0  1964
2 33749   0.0185 227.7677 0001981 142.7779 181.0222  1.00273499  4023
1 33749U 09008A   10075.42233674  .00000072  00000+0  00000+0 0  1974
2 33749   0.0173 229.6991 0002000 141.5970 137.6046  1.00273753  4038
1 33749U 09008A   10076.47304549  .00000074  00000+0  00000+0 0  1972
2 33749   0.0145 228.7271 0002010 142.9520 156.5213  1.00274145  4048
1 33749U 09008A   10077.41363764  .00000075  00000+0  00000+0 0  1983
2 33749   0.0131 227.1169 0002010 144.5567 136.0758  1.00274462  4051
1 33749U 09008A   10078.26642684  .00000075  00000+0  00000+0 0  1988
2 33749   0.0116 220.9665 0001863 135.5476  99.0906  1.00274611  4060
1 33749U 09008A   10081.47026035  .00000066  00000+0  00000+0 0  1992
2 33749   0.0107 212.9773 0001863 141.6046 177.5394  1.00271145  4097
1 33749U 09008A   10083.97091137  .00000000  00000+0  10000-3 0  2000
2 33749   0.0006 224.8687 0003416 108.0767  21.8888  1.00268404  4110
1 33749U 09008A   10085.00000000  .00000055  00000+0  00000+0 0  2000
2 33749   0.0280 154.7070 0002278 206.4660   5.1520  1.00271733  4130
1 33749U 09008A   10088.30547723  .00000054  00000+0  00000+0 0  2014
2 33749   0.0197 127.9627 0002198 246.5968 104.9658  1.00272828  4163
1 33749U 09008A   10089.65878970  .00000055  00000+0  00000+0 0  2026
2 33749   0.0145 146.3538 0002245 239.6321 222.0700  1.00273254  4176
1 33749U 09008A   10092.58896229  .00000056  00000+0  00000+0 0  2031
2 33749   0.0175 146.3145 0002245 239.7273 199.7791  1.00274053  4202
1 33749U 09008A   10095.59334943  .00000057  00000+0  00000+0 0  2047
2 33749   0.0276 143.6881 0002210 240.4929 206.1907  1.00274557  4234
1 33749U 09008A   10098.26707104  .00000000  00000+0  10000-3 0  2051
2 33749   0.0445  87.6159 0002124 300.9351  86.9662  1.00269035  4262
1 33749U 09008A   10098.61494831  .00000062  00000+0  00000+0 0  2064
2 33749   0.0388 122.7684 0002175 259.2462 219.1173  1.00274981  4260
1 33749U 09008A   10101.45808588  .00000071  00000+0  00000+0 0  2070
2 33749   0.0589  83.0896 0001927 298.6643 165.6880  1.00273279  4291
1 33749U 09008A   10102.59831514  .00000074  00000+0  00000+0 0  2085
2 33749   0.0618  80.7531 0001976 306.8512 211.4484  1.00273639  4307
1 33749U 09008A   10103.59455007  .00000076  00000+0  00000+0 0  2098
2 33749   0.0642  80.5580 0001963 306.6455 211.4831  1.00273959  4318
1 33749U 09008A   10104.62715419  .00000078  00000+0  00000+0 0  2091
2 33749   0.0668  80.3307 0001925 305.6147 225.5061  1.00274304  4323
1 33749U 09008A   10104.62715419  .00000078  00000+0  00000+0 0  2103
2 33749   0.0668  80.3307 0001925 305.6147 225.5061  1.00274304  4323
1 33749U 09008A   10105.61068851  .00000078  00000+0  00000+0 0  2104
2 33749   0.0687  74.2311 0001887 309.4769 222.7946  1.00274591  4330
1 33749U 09008A   10109.03286660  .00000070  00000+0  00000+0 0  2117
2 33749   0.0506  62.6831 0001646 324.2091  14.9453  1.00270914  4377
1 33749U 09008A   10112.51111067  .00000060  00000+0  00000+0 0  2122
2 33749   0.0497  80.5029 0001665 303.2658 193.6559  1.00271728  4401
1 33749U 09008A   10115.55063829  .00000059  00000+0  00000+0 0  2130
2 33749   0.0581  72.7495 0001920 318.6235 203.2781  1.00272571  4435
1 33749U 09008A   10118.33091438  .00000061  00000+0  00000+0 0  2140
2 33749   0.0593  73.8065 0001928 318.0910 126.4042  1.00273423  4461
1 33749U 09008A   10121.83049314  .00000061  00000+0  00000+0 0  2156
2 33749   0.0497 108.1971 0001766 309.9201 283.4731  1.00270374  4498
1 33749U 09008A   10124.56363354  .00000064  00000+0  00000+0 0  2166
2 33749   0.0409  77.5841 0001841 339.6230 190.9979  1.00271324  4528
1 33749U 09008A   10127.02151162  .00000071  00000+0  00000+0 0  2182
2 33749   0.0452  80.0614 0001852 336.8425 358.5619  1.00272275  4552
1 33749U 09008A   10127.02151162  .00000071  00000+0  00000+0 0  2171
2 33749   0.0540  89.0360 0001876 327.9028 358.5356  1.00273232  4555
1 33749U 09008A   10128.00000000  .00000074  00000+0  00000+0 0  2199
2 33749   0.0200  91.0770 0001905 324.4500 353.1740  1.00273341  4566
1 33749U 09008A   10131.62190252  .00000084  00000+0  00000+0 0  2203
2 33749   0.0567  84.1885 0001744 334.6338 217.3396  1.00273777  4599
1 33749U 09008A   10133.04225296  .00000000  00000+0  10000-3 0  2212
2 33749   0.0453  85.1061 0001520 332.4123  11.3794  1.00271725  4607
1 33749U 09008A   10134.34199529  .00000083  00000+0  00000+0 0  2222
2 33749   0.0587  90.5349 0001385 304.6893 142.8662  1.00273786  4623
1 33749U 09008A   10137.55944110  .00000072  00000+0  00000+0 0  2231
2 33749   0.0052  42.1337 0000843   1.8309 215.5574  1.00270403  4652
1 33749U 09008A   10139.53422895  .00000067  00000+0  00000+0 0  2247
2 33749   0.0089  42.1072 0000843   1.8917 208.3855  1.00271039  4673
1 33749U 09008A   10142.00000000  .00000065  00000+0  00000+0 0  2252
2 33749   0.0190  64.4050 0001410 345.5790  12.5170  1.00274413  4705
1 33749U 09008A   10145.50284931  .00000067  00000+0  00000+0 0  2260
2 33749   0.0526  98.0902 0001229 311.9322 196.9497  1.00272929  4735
1 33749U 09008A   10146.57679065  .00000067  00000+0  00000+0 0  2275
2 33749   0.0550  98.0758 0001229 311.9647 224.6141  1.00273275  4742
1 33749U 09008A   10147.57301418  .00000067  00000+0  00000+0 0  2292
2 33749   0.0258  66.9752 0001235 342.8804 224.4272  1.00273595  4759
1 33749U 09008A   10148.00000000  .00000066  00000+0  00000+0 0  2282
2 33749   0.0170 333.2910 0002237  90.4720   4.6690  1.00265381  4761
1 33749U 09008A   10148.00000000  .00000066  00000+0  00000+0 0  2305
2 33749   0.0170 333.2910 0002237  90.4720   4.6690  1.00265381  4761
1 33749U 09008A   10152.34540012  .00000070  00000+0  00000+0 0  2315
2 33749   0.0265  62.5500 0001495  18.0541 116.4352  1.00273699  4808
1 33749U 09008A   10155.00000000  .00000077  00000+0  00000+0 0  2327
2 33749   0.0220  45.9520 0001368  38.3510 351.0120  1.00273296  4832
1 33749U 09008A   10159.61872759  .00000088  00000+0  00000+0 0  2339
2 33749   0.0442  90.2481 0001293   0.2582 212.1079  1.00273959  4871
1 33749U 09008A   10160.56121733  .00000088  00000+0  00000+0 0  2356
2 33749   0.0486  97.2695 0001193 343.3133 202.2665  1.00274275  4889
1 33749U 09008A   10160.94842531  .00000000  00000+0  10000-3 0  2342
2 33749   0.0380 104.3942 0000942 358.5622 319.6700  1.00271727  4881
1 33749U 09008A   10162.00000000  .00000084  00000+0  00000+0 0  2356
2 33749   0.0220 339.5360 0001430  87.9520  14.7430  1.00266129  4909
1 33749U 09008A   10165.57643804  .00000073  00000+0  00000+0 0  2365
2 33749   0.0194  54.2108 0000651   8.6966 230.3409  1.00270911  4937
1 33749U 09008A   10166.24281887  .00000071  00000+0  00000+0 0  2378
2 33749   0.0176  51.1782 0000650  12.3746 110.2471  1.00271091  4944
1 33749U 09008A   10167.33192528  .00000069  00000+0  00000+0 0  2379
2 33749   0.0219  53.9033 0000650   9.3141 143.7314  1.00271380  4955
1 33749U 09008A   10167.57577774  .00000068  00000+0  00000+0 0  2385
2 33749   0.0194  53.6603 0000665  10.6489 230.6650  1.00271363  4953
1 33749U 09008A   10168.45794347  .00000067  00000+0  00000+0 0  2389
2 33749   0.0206  55.8190 0000669   7.9772 189.6250  1.00271577  4967
1 33749U 09008A   10169.53441166  .00000067  00000+0  00000+0 0  2398
2 33749   0.0204  61.9252 0000851  27.2288 192.8551  1.00271977  4977
1 33749U 09008A   10169.56825572  .00000067  00000+0  00000+0 0  2400
2 33749   0.0203  62.4002 0000863  27.0946 204.7302  1.00271930  4973
1 33749U 09008A   10170.55746778  .00000067  00000+0  00000+0 0  2401
2 33749   0.0227  65.0470 0000875  24.6499 201.6185  1.00272168  4986
1 33749U 09008A   10171.25039212  .00000067  00000+0  00000+0 0  2418
2 33749   0.0250  65.4666 0000875  23.7788  92.2071  1.00272399  4999
1 33749U 09008A   10172.58112873  .00000068  00000+0  00000+0 0  2411
2 33749   0.0283  67.3629 0000897  22.1599 212.3094  1.00272799  5009
1 33749U 09008A   10173.50352631  .00000067  00000+0  00000+0 0  2444
2 33749   0.0300  71.2098 0001102  26.5661 177.0311  1.00273119  5018
1 33749U 09008A   10174.47739804  .00000067  00000+0  00000+0 0  2420
2 33749   0.0321  71.7706 0001104  26.0217 168.5734  1.00273429  5025
1 33749U 09008A   10175.60959233  .00000066  00000+0  00000+0 0  2436
2 33749   0.0343  68.2577 0000987  25.2038 221.6192  1.00273790  5037
1 33749U 09008A   10176.39659073  .00000066  00000+0  00000+0 0  2443
2 33749   0.0357  67.1012 0000981  25.9325 146.1470  1.00274012  5043
1 33749U 09008A   10180.55189128  .00000070  00000+0  00000+0 0  2440
2 33749   0.0109  52.3165 0001035  26.2574 220.5920  1.00271900  5088
1 33749U 09008A   10181.55868447  .00000073  00000+0  00000+0 0  2453
2 33749   0.0122  55.0116 0001035  23.7243 223.8684  1.00272206  5098
1 33749U 09008A   10181.58750926  .00000073  00000+0  00000+0 0  2469
2 33749   0.0114  55.2767 0001036  23.4165 234.3165  1.00272216  5096
1 33749U 09008A   10182.58373323  .00000076  00000+0  00000+0 0  2465
2 33749   0.0126  59.8298 0001037  18.8106 233.9940  1.00272542  5102
1 33749U 09008A   10183.57985426  .00000079  00000+0  00000+0 0  2483
2 33749   0.0146  60.5318 0001011  19.6072 232.0834  1.00272840  5113
1 33749U 09008A   10184.27389037  .00000081  00000+0  00000+0 0  2479
2 33749   0.0163  61.1647 0000996  19.8752 121.7216  1.00273032  5125
1 33749U 09008A   10184.95697603  .00000083  00000+0  00000+0 0  2499
2 33749   0.0161  56.8464 0000892  20.6473  11.8567  1.00273300  5133
1 33749U 09008A   10185.36819044  .00000084  00000+0  00000+0 0  2480
2 33749   0.0170  59.1985 0000894  18.3422 160.2545  1.00273435  5131
1 33749U 09008A   10185.57232128  .00000084  00000+0  00000+0 0  2496
2 33749   0.0171  59.3201 0000893  18.2905 233.8744  1.00273509  5139
1 33749U 09008A   10186.54808200  .00000085  00000+0  00000+0 0  2495
2 33749   0.0189  61.5833 0000894  16.4863 225.6580  1.00273841  5145
1 33749U 09008A   10187.56466626  .00000085  00000+0  00000+0 0  2502
2 33749   0.0220  62.8673 0000818  27.7615 220.0759  1.00274106  5156
1 33749U 09008A   10188.56090163  .00000084  00000+0  00000+0 0  2534
2 33749   0.0247  64.4946 0000831  27.7317 218.1117  1.00274366  5165
1 33749U 09008A   10188.81562770  .00000000  00000+0  10000-3 0  2511
2 33749   0.0123  99.7309 0000545  24.8541 277.6950  1.00270502  5164
1 33749U 09008A   10189.59678558  .00000082  00000+0  00000+0 0  2525
2 33749   0.0167  26.3026 0000888  90.7587 207.2146  1.00274449  5177
1 33749U 09008A   10190.24973398  .00000080  00000+0  00000+0 0  2538
2 33749   0.0087  11.1629 0001085 132.5981  56.2206  1.00274592  5181
1 33749U 09008A   10195.32012387  .00000064  00000+0  10000-3 0  2542
2 33749   0.0086  88.1969 0000704  28.6313 113.4509  1.00270980  5237
1 33749U 09008A   10196.53399642  .00000063  00000+0  10000-3 0  2558
2 33749   0.0103  92.5590 0000751  23.4620 192.4422  1.00271125  5246
1 33749U 09008A   10196.62753259  .00000063  00000+0  10000-3 0  2567
2 33749   0.0104  92.7292 0000753  23.4135 226.0852  1.00271148  5247
1 33749U 09008A   10197.51066891  .00000063  00000+0  10000-3 0  2587
2 33749   0.0127  91.2350 0000752  24.8226 184.9674  1.00271378  5256
1 33749U 09008A   10198.23815102  .00000063  00000+0  10000-3 0  2562
2 33749   0.0143  91.0778 0000760  22.2052  90.3527  1.00271654  5269
1 33749U 09008A   10199.56565022  .00000063  00000+0  10000-3 0  2573
2 33749   0.0174  90.9902 0000762  22.7851 209.0682  1.00272053  5270
1 33749U 09008A   10200.02387454  .00000063  00000+0  10000-3 0  2589
2 33749   0.0171  73.1868 0000933  28.2784  26.7972  1.00272439  5282
1 33749U 09008A   10201.27842846  .00000062  00000+0  10000-3 0  2598
2 33749   0.0202  73.6582 0000936  27.8192 119.6651  1.00272854  5294
1 33749U 09008A   10202.57952563  .00000061  00000+0  10000-3 0  2601
2 33749   0.0192  71.8073 0000979  28.8576 230.1581  1.00273190  5308
1 33749U 09008A   10202.81970659  .00000000  00000+0  10000-3 0  2618
2 33749   0.0110  91.7954 0001186  20.5754 305.1432  1.00268760  5300
1 33749U 09008A   10204.79991297  .00000000  00000+0  10000-3 0  2629
2 33749   0.0013 282.4409 0001456 160.5740 329.3356  1.00270349  5327
1 33749U 09008A   10207.56056134  .00000063  00000+0  10000-3 0  2639
2 33749   0.0114  18.1392 0001241 110.6106 200.1358  1.00271780  5359
1 33749U 09008A   10208.34079003  .00000065  00000+0  10000-3 0  2649
2 33749   0.0070 236.3090 0001209 257.5626 116.6623  1.00271762  5368
1 33749U 09008A   10209.24268321  .00000067  00000+0  10000-3 0  2655
2 33749   0.0126  57.1556 0001232  71.2563  87.6963  1.00272274  5377
1 33749U 09008A   10210.34282459  .00000071  00000+0  10000-3 0  2662
2 33749   0.0031 202.5225 0001217 285.6471 125.0753  1.00272510  5381
1 33749U 09008A   10211.85406427  .00000000  00000+0  10000-3 0  2675
2 33749   0.0051  75.6526 0001044  47.2983 315.8356  1.00270243  5406
1 33749U 09008A   10212.52491332  .00000076  00000+0  10000-3 0  2683
2 33749   0.0004 189.2067 0001211 302.3667 189.3840  1.00273288  5400
1 33749U 09008A   10212.98466112  .00000077  00000+0  10000-3 0  2693
2 33749   0.0081  34.7711 0001074 112.3644 339.7826  1.00273362  5415
1 33749U 09008A   10213.60935258  .00000078  00000+0  10000-3 0  2708
2 33749   0.0094  37.6309 0001087 112.1131 202.6832  1.00273605  5412
1 33749U 09008A   10214.24368730  .00000078  00000+0  10000-3 0  2704
2 33749   0.0104  49.6793 0001092 100.1028  71.6355  1.00273818  5423
1 33749U 09008A   10216.80539265  .00000000  00000+0  10000-3 0  2717
2 33749   0.0105  57.9926 0001151 100.6586 267.5203  1.00269943  5459
1 33749U 09008A   10217.38461675  .00000074  00000+0  10000-3 0  2722
2 33749   0.0082  89.4718 0001025  48.3645 137.4294  1.00273447  5455
1 33749U 09008A   10221.36236071  .00000060  00000+0  10000-3 0  2731
2 33749   0.0181  90.0374 0001015  55.1206 125.9958  1.00272453  5498
1 33749U 09008A   10224.00000000  .00000056  00000+0  00000+0 0  2747
2 33749   0.0190 120.0920 0001638  30.1410 353.0930  1.00266384  5524
1 33749U 09008A   10228.50666744  .00000055  00000+0  00000+0 0  2759
2 33749   0.0024 176.0124 0001265 308.3091 205.8152  1.00272855  5562
1 33749U 09008A   10228.62385013  .00000055  00000+0  00000+0 0  2760
2 33749   0.0090 109.2831 0001277  14.8840 248.2711  1.00272879  5571
1 33749U 09008A   10229.62007390  .00000054  00000+0  00000+0 0  2792
2 33749   0.0100 106.6754 0001280  17.5589 247.8315  1.00273246  5587
1 33749U 09008A   10230.59196150  .00000053  00000+0  00000+0 0  2770
2 33749   0.0083 155.0442 0000915 327.7523 240.1116  1.00273385  5597
1 33749U 09008A   10231.30989769  .00000000  00000+0  10000-3 0  2784
2 33749   0.0076 316.7326 0001196 184.6455 120.6951  1.00270333  5591
1 33749U 09008A   10232.00000000  .00000052  00000+0  00000+0 0  2797
2 33749   0.0090 201.9090 0001666 279.4060  29.9140  1.00268943  5604
1 33749U 09008A   10235.42093544  .00000057  00000+0  00000+0 0  2808
2 33749   0.0378 264.3240 0001157 241.9985 159.7651  1.00271132  5634
1 33749U 09008A   10236.38428824  .00000060  00000+0  00000+0 0  2812
2 33749   0.0365 263.5330 0001256 226.3886 163.9249  1.00271472  5646
1 33749U 09008A   10236.59596065  .00000060  00000+0  00000+0 0  2829
2 33749   0.0357 263.2468 0001210 231.1819 235.8286  1.00271664  5650
1 33749U 09008A   10237.64349850  .00000064  00000+0  00000+0 0  2828
2 33749   0.0321 259.8408 0001169 239.2241 249.3400  1.00272166  5664
1 33749U 09008A   10238.50056693  .00000000  00000+0  10000-3 0  2830
2 33749   0.0111 255.4019 0001071 244.9483 197.4480  1.00269252  5678
1 33749U 09008A   10238.58652781  .00000067  00000+0  00000+0 0  2836
2 33749   0.0294 259.4048 0001155 243.5368 225.8856  1.00272538  5670
1 33749U 09008A   10239.49607083  .00000069  00000+0  00000+0 0  2845
2 33749   0.0270 259.5618 0001153 244.2347 193.3656  1.00272845  5679
1 33749U 09008A   10239.62039604  .00000069  00000+0  00000+0 0  2859
2 33749   0.0262 258.3602 0001145 245.6573 238.0252  1.00272915  5685
1 33749U 09008A   10240.94217127  .00000072  00000+0  00000+0 0  2858
2 33749   0.0231 258.3424 0001145 245.7010 355.1474  1.00273341  5692
1 33749U 09008A   10240.94217127  .00000072  00000+0  00000+0 0  2869
2 33749   0.0231 258.3424 0001145 245.7010 355.1474  1.00273341  5692
1 33749U 09008A   10241.57508123  .00000072  00000+0  00000+0 0  2868
2 33749   0.0212 257.8588 0001144 246.3412 223.4662  1.00273551  5709
1 33749U 09008A   10242.57109571  .00000072  00000+0  00000+0 0  2863
2 33749   0.0185 257.3442 0001144 246.8299 223.0458  1.00273870  5714
1 33749U 09008A   10243.52411542  .00000071  00000+0  00000+0 0  2873
2 33749   0.0157 257.4153 0001141 246.4124 207.4260  1.00274166  5719
1 33749U 09008A   10244.54405172  .00000069  00000+0  00000+0 0  2875
2 33749   0.0154 259.2182 0001027 254.6353 205.5921  1.00274533  5728
1 33749U 09008A   10244.63357935  .00000069  00000+0  00000+0 0  2889
2 33749   0.0111 241.2921 0001053 274.4921 235.9759  1.00274462  5731
1 33749U 09008A   10245.50714156  .00000066  00000+0  00000+0 0  2885
2 33749   0.0090 241.6454 0001042 273.1551 192.3101  1.00274695  5730
1 33749U 09008A   10246.34737394  .00000064  00000+0  00000+0 0  2896
2 33749   0.0129 254.4508 0001038 261.3385 134.6394  1.00274894  5749
1 33749U 09008A   10252.03924841  .00000000  00000+0  10000-3 0  2901
2 33749   0.0144 254.7397 0000942 267.4465  22.8771  1.00267071  5795
1 33749U 09008A   10252.40726787  .00000052  00000+0  00000+0 0  2903
2 33749   0.0261 253.1394 0000900 266.0089 158.7658  1.00271032  5803
1 33749U 09008A   10253.00000000  .00000052  00000+0  00000+0 0  2914
2 33749   0.0260 192.3830 0001685 336.4820   3.0380  1.00266227  5812
1 33749U 09008A   10256.51314385  .00000051  00000+0  00000+0 0  2927
2 33749   0.0088 232.6162 0000928 269.0657 218.4055  1.00273163  5856
1 33749U 09008A   10257.53425803  .00000050  00000+0  00000+0 0  2938
2 33749   0.0067 234.3949 0000993 268.9862 225.3199  1.00273539  5867
1 33749U 09008A   10257.58676045  .00000050  00000+0  00000+0 0  2940
2 33749   0.0066 230.2828 0000996 273.0323 244.3389  1.00273553  5867
1 33749U 09008A   10258.55069170  .00000050  00000+0  00000+0 0  2943
2 33749   0.0043 223.5881 0000993 279.5746 232.4635  1.00273882  5871
1 33749U 09008A   10258.58300352  .00000050  00000+0  00000+0 0  2957
2 33749   0.0042 216.4918 0000991 286.5467 244.2523  1.00273902  5878
1 33749U 09008A   10259.57922722  .00000050  00000+0  00000+0 0  2958
2 33749   0.0025 202.0075 0000989 300.8225 244.0922  1.00274258  5880
1 33749U 09008A   10262.56851735  .00000055  00000+0  00000+0 0  2962
2 33749   0.0070 122.1038 0000900  20.7590 243.1394  1.00271075  5918
1 33749U 09008A   10264.35077826  .00000061  00000+0  00000+0 0  2970
2 33749   0.0113 105.1366 0000998  41.9995 162.2359  1.00271747  5921
1 33749U 09008A   10264.56114744  .00000061  00000+0  00000+0 0  2985
2 33749   0.0124 105.2205 0000995  41.7762 238.3156  1.00271821  5937
1 33749U 09008A   10265.55709760  .00000065  00000+0  00000+0 0  2987
2 33749   0.0151 105.2683 0000989  41.4517 238.1168  1.00272159  5942
1 33749U 09008A   10266.53494264  .00000068  00000+0  00000+0 0  3003
2 33749   0.0175 106.0491 0000980  40.0929 231.6850  1.00272497  5959
1 33749U 09008A   10267.21292009  .00000070  00000+0  00000+0 0  2992
2 33749   0.0193 106.5150 0000970  39.4694 116.5844  1.00272700  5957
1 33749U 09008A   10267.62813855  .00000071  00000+0  00000+0 0  3009
2 33749   0.0204 106.9015 0000982  39.7869 265.7693  1.00272812  5968
1 33749U 09008A   10268.30351993  .00000072  00000+0  00000+0 0  3006
2 33749   0.0222 105.9775 0000974  40.5790 149.7072  1.00273046  5966
1 33749U 09008A   10268.61007093  .00000072  00000+0  00000+0 0  3010
2 33749   0.0229 106.0547 0000977  40.6473 260.2235  1.00273141  5971
1 33749U 09008A   10269.51384559  .00000073  00000+0  00000+0 0  3016
2 33749   0.0256 104.4707 0000972  42.2615 226.4479  1.00273440  5989
1 33749U 09008A   10269.65129590  .00000073  00000+0  00000+0 0  3035
2 33749   0.0259 104.0729 0000988  44.4297 274.2954  1.00273464  5984
1 33749U 09008A   10270.38717089  .00000073  00000+0  00000+0 0  3044
2 33749   0.0279 102.9460 0000986  45.7244 179.7726  1.00273704  5982
1 33749U 09008A   10271.29848824  .00000072  00000+0  00000+0 0  3024
2 33749   0.0302 101.2031 0000970  47.1507 149.0677  1.00273976  5993
1 33749U 09008A   10272.53526509  .00000069  00000+0  00000+0 0  3032
2 33749   0.0332 101.1881 0001186  64.0495 218.6485  1.00274283  6018
1 33749U 09008A   10272.53526509  .00000069  00000+0  00000+0 0  3043
2 33749   0.0331 101.1674 0001186  64.0517 218.6671  1.00274284  6010
1 33749U 09008A   10273.52740394  .00000066  00000+0  00000+0 0  3062
2 33749   0.0355 100.4448 0001182  64.7849 216.8131  1.00274582  6021
1 33749U 09008A   10276.51667495  .00000058  00000+0  00000+0 0  3043
2 33749   0.0483  72.4559 0000779 131.8718 176.7768  1.00272111  6055
1 33749U 09008A   10281.55792980  .00000057  00000+0  00000+0 0  3051
2 33749   0.0512  67.8468 0000696  93.1822 239.8695  1.00271061  6108
1 33749U 09008A   10282.23767752  .00000056  00000+0  00000+0 0  3066
2 33749   0.0529  67.6385 0000715  93.7542 124.8851  1.00271495  6107
1 33749U 09008A   10284.09800119  .00000056  00000+0  00000+0 0  3067
2 33749   0.0564  64.0856 0000797 112.7088  61.0344  1.00272314  6129
1 33749U 09008A   10284.60064242  .00000055  00000+0  00000+0 0  3084
2 33749   0.0575  64.1832 0000718 116.1523 238.9437  1.00272671  6136
1 33749U 09008A   10285.54456590  .00000055  00000+0  00000+0 0  3078
2 33749   0.0596  64.1644 0000698 117.6940 218.1687  1.00273062  6149
1 33749U 09008A   10285.63054977  .00000055  00000+0  00000+0 0  3093
2 33749   0.0596  64.7433 0000680 117.7224 248.6017  1.00273143  6143
1 33749U 09008A   10286.55060975  .00000055  00000+0  00000+0 0  3089
2 33749   0.0649  65.4835 0000620 119.7035 218.0140  1.00273346  6156
1 33749U 09008A   10288.55804507  .00000058  00000+0  00000+0 0  3092
2 33749   0.0692  64.7794 0000772 125.8726 217.2169  1.00273984  6175
1 33749U 09008A   10293.52468060  .00000074  00000+0  00000+0 0  3105
2 33749   0.0450  64.4208 0001111 124.7742 211.5474  1.00271918  6225
1 33749U 09008A   10294.53585419  .00000077  00000+0  00000+0 0  3119
2 33749   0.0477  64.4124 0001192 128.3750 212.9749  1.00272260  6231
1 33749U 09008A   10294.53585419  .00000077  00000+0  00000+0 0  3120
2 33749   0.0476  63.9701 0001189 129.0085 212.7840  1.00272280  6232
1 33749U 09008A   10296.19988515  .00000080  00000+0  00000+0 0  3122
2 33749   0.0523  63.0864 0001180 130.7914  92.5796  1.00272785  6242
1 33749U 09008A   10296.27538277  .00000080  00000+0  00000+0 0  3138
2 33749   0.0519  63.3487 0001179 130.4566 119.9057  1.00272798  6247
1 33749U 09008A   10300.00000000  .00000083  00000+0  00000+0 0  3136
2 33749   0.0140 262.2000 0001764 338.9110 338.1230  1.00273867  6288
1 33749U 09008A   10302.65944705  .00000071  00000+0  00000+0 0  3157
2 33749   0.0607  73.5820 0001297 141.7668 242.9538  1.00274601  6312
1 33749U 09008A   10303.00000000  .00000070  00000+0  00000+0 0  3146
2 33749   0.0080 253.0440 0001397 337.5080 350.6720  1.00271589  6316
1 33749U 09008A   10303.56598973  .00000069  00000+0  00000+0 0  3168
2 33749   0.0590  74.5200 0001301 140.0025 211.0347  1.00274742  6323
1 33749U 09008A   10303.56598973  .00000069  00000+0  00000+0 0  3179
2 33749   0.0590  74.5200 0001301 140.0025 211.0347  1.00274742  6323
1 33749U 09008A   10307.62104581  .00000067  00000+0  00000+0 0  3176
2 33749   0.0024 149.6416 0000895  80.7283 218.9643  1.00270519  6368
1 33749U 09008A   10307.62104581  .00000066  00000+0  00000+0 0  3186
2 33749   0.0021 149.9476 0000885  80.6051 218.7816  1.00270542  6361
1 33749U 09008A   10308.53697918  .00000067  00000+0  00000+0 0  3202
2 33749   0.0030 152.3971 0000812  76.0032 191.5708  1.00270956  6375
1 33749U 09008A   10309.53714491  .00000066  00000+0  00000+0 0  3185
2 33749   0.0037 152.3837 0000812  76.0337 192.5967  1.00271279  6389
1 33749U 09008A   10310.53326605  .00000066  00000+0  00000+0 0  3206
2 33749   0.0041 156.2599 0000812  72.6437 191.6928  1.00271501  6391
1 33749U 09008A   10311.49344492  .00000065  00000+0  00000+0 0  3193
2 33749   0.0043 159.4465 0000812  69.9452 177.8144  1.00271787  6400
1 33749U 09008A   10311.52950140  .00000065  00000+0  00000+0 0  3202
2 33749   0.0043 159.4460 0000812  69.9463 190.8296  1.00271798  6402
1 33749U 09008A   10315.60286519  .00000067  00000+0  00000+0 0  3209
2 33749   0.0138   3.4014 0000838 232.1707 215.0999  1.00273625  6448
1 33749U 09008A   10316.65479385  .00000069  00000+0  00000+0 0  3213
2 33749   0.0105 352.0198 0000899 244.8584 233.5315  1.00273947  6453
1 33749U 09008A   10317.20805367  .00000071  00000+0  00000+0 0  3222
2 33749   0.0104 351.4309 0000883 247.0631  71.6381  1.00274104  6450
1 33749U 09008A   10321.56332135  .00000086  00000+0  00000+0 0  3220
2 33749   0.0104 351.3725 0000883 247.1927 203.7293  1.00271591  6503
1 33749U 09008A   10322.55954534  .00000088  00000+0  00000+0 0  3269
2 33749   0.0103   0.5175 0000901 236.7938 204.6060  1.00271929  6519
1 33749U 09008A   10323.55648265  .00000090  00000+0  00000+0 0  3231
2 33749   0.0107   0.4980 0000908 236.4629 204.8369  1.00272219  6525
1 33749U 09008A   10324.58536642  .00000090  00000+0  00000+0 0  3241
2 33749   0.0112   0.6573 0000917 236.1146 216.4394  1.00272509  6532
1 33749U 09008A   10324.97597196  .00000090  00000+0  00000+0 0  3267
2 33749   0.0117 358.6584 0001295 244.1222 351.4305  1.00272535  6530
1 33749U 09008A   10325.65258756  .00000090  00000+0  00000+0 0  3270
2 33749   0.0121   2.0776 0001295 241.2037 235.1807  1.00272772  6549
1 33749U 09008A   10326.54503976  .00000088  00000+0  00000+0 0  3273
2 33749   0.0121   5.6267 0001293 237.8214 197.1800  1.00273067  6558
1 33749U 09008A   10327.54126368  .00000086  00000+0  00000+0 0  3278
2 33749   0.0124   5.9111 0001292 237.2651 197.0791  1.00273373  6569
1 33749U 09008A   10329.39006686  .00000082  00000+0  00000+0 0  3280
2 33749   0.0133 358.0873 0001278 244.7859 144.7842  1.00273917  6585
1 33749U 09008A   10330.52981688  .00000079  00000+0  00000+0 0  3298
2 33749   0.0129 357.3337 0001275 244.3069 197.4562  1.00274188  6599
1 33749U 09008A   10337.00000000  .00000074  00000+0  00000+0 0  3305
2 33749   0.0230 353.7320 0001430 249.8520  11.1120  1.00269778  6657
1 33749U 09008A   10342.38403277  .00000072  00000+0  00000+0 0  3314
2 33749   0.0203  32.7675 0000904 251.1677 114.3226  1.00273046  6711
1 33749U 09008A   10344.00000000  .00000074  00000+0  00000+0 0  3325
2 33749   0.0270 331.4470 0001461 305.7380 344.4290  1.00268964  6724
1 33749U 09008A   10347.39349563  .00000086  00000+0  10000-3 0  3339
2 33749   0.0060   4.2825 0001063 272.0594 130.2486  1.00271847  6767
1 33749U 09008A   10348.57222763  .00000089  00000+0  10000-3 0  3346
2 33749   0.0062 359.9452 0001033 260.6726 211.4794  1.00271995  6771
1 33749U 09008A   10349.60893912  .00000092  00000+0  10000-3 0  3356
2 33749   0.0064   2.2374 0001178 267.0348 217.0632  1.00272391  6780
1 33749U 09008A   10350.60675036  .00000093  00000+0  10000-3 0  3400
2 33749   0.0061   7.6730 0001610 272.4463 206.4101  1.00272677  6792
1 33749U 09008A   10351.20807581  .00000094  00000+0  10000-3 0  3365
2 33749   0.0066  10.3254 0001609 269.5168  63.7593  1.00272876  6796
1 33749U 09008A   10351.51214563  .00000094  00000+0  10000-3 0  3394
2 33749   0.0070  12.4181 0001612 267.7882 173.1612  1.00272985  6801
1 33749U 09008A   10352.23783478  .00000094  00000+0  10000-3 0  3378
2 33749   0.0077  15.5654 0001613 265.0377  74.7309  1.00273209  6807
1 33749U 09008A   10352.95368694  .00000093  00000+0  10000-3 0  3410
2 33749   0.0076   7.9040 0001677 271.9674 333.8782  1.00273378  6818
1 33749U 09008A   10353.35118159  .00000093  00000+0  10000-3 0  3380
2 33749   0.0079  14.0158 0001668 265.8044 117.4211  1.00273479  6829
1 33749U 09008A   10357.29655861  .00000083  00000+0  10000-3 0  3393
2 33749   0.0116   3.7494 0001731 279.9022  97.8324  1.00274075  6865
1 33749U 09008A   10358.35896521  .00000080  00000+0  10000-3 0  3400
2 33749   0.0127   2.2819 0001736 280.5264 122.1961  1.00274316  6871
1 33749U 09008A   10359.00000000  .00000078  00000+0  00000+0 0  3404
2 33749   0.0250 345.2290 0002317 309.3450 341.8400  1.00268454  6878
1 33749U 09008A   10359.00000000  .00000078  00000+0  00000+0 0  3415
2 33749   0.0250 345.2290 0002317 309.3450 341.8400  1.00268454  6878
1 33749U 09008A   10363.54810116  .00000075  00000+0  00000+0 0  3424
2 33749   0.0088 321.8979 0001658 334.7519 181.5145  1.00270770  6921
1 33749U 09008A   10364.54432485  .00000073  00000+0  00000+0 0  3433
2 33749   0.0090 336.6072 0001659 320.0897 181.0868  1.00271105  6931
1 33749U 09008A   10365.23426462  .00000073  00000+0  00000+0 0  3438
2 33749   0.0069 353.7630 0001643 305.9767  67.0971  1.00271100  6942
1 33749U 09008A   10365.33909218  .00000072  00000+0  00000+0 0  3444
2 33749   0.0061   1.5698 0001639 298.4530 104.6545  1.00271103  6943
1 33749U 09008A   11001.38116590  .00000071  00000+0  00000+0 0  3449
2 33749   0.0058  20.7786 0001641 279.8348 120.2357  1.00271459  6953
1 33749U 09008A   11001.53667735  .00000071  00000+0  00000+0 0  3471
2 33749   0.0062  21.5034 0001612 280.0225 175.4616  1.00271570  6953
