#Parameters = {box_sl=50; a=298.53994702961; a1=2.3276081854976; a2=1.1975375444041; angle=0.69813170079773; angle_deg=40; c=12.635135135135; coax_length=100; cone_base_rad=54.054052702703; cone_ht=398.58249931034; cone_scale=0.925; cone_slant_ht=562.5; cone_top_rad=361.56803044868; d=0; des_freq=148000000; gap_z=64.419111502723; h1=10000; h2=2500; innerdiameter=6.3378378385135; outerconductorthickness=2.027027027027; outerdiameter=21.216214864865; ref_angle=68; ref_angle_deg=90; ref_rad=562.5; ref_scale=0.9999; reflector_thick=2; sl=12505.569140635; sl2=2501.1138281271; t=0.002; tmax=4.1783182292744; tmin=-0.5; wl=2027.027027027; x1=0; x_len=480; y_len=460; z1=-12867.584; z_len=360; test=465.83783703181}
#"Frequency / MHz"	"S1,1 (ref_rad=562.5) [Magnitude]"
#----------------------------------------------------
55.000000000000	0.89345858504010
55.250000000000	0.89117973946966
55.500000000000	0.88888191901318
55.750000000000	0.88656546418622
56.000000000000	0.88423094991517
56.250000000000	0.88187861984347
56.500000000000	0.87950888209240
56.750000000000	0.87712202793515
57.000000000000	0.87471859804203
57.250000000000	0.87229892868463
57.500000000000	0.86986342291963
57.750000000000	0.86741227554351
58.000000000000	0.86494607994986
58.250000000000	0.86246517754359
58.500000000000	0.85996997645300
58.750000000000	0.85746080624944
59.000000000000	0.85493800080570
59.250000000000	0.85240210110653
59.500000000000	0.84985337804704
59.750000000000	0.84729218072007
60.000000000000	0.84471904816906
60.250000000000	0.84213423903466
60.500000000000	0.83953815137977
60.750000000000	0.83693117028727
61.000000000000	0.83431370384217
61.250000000000	0.83168606462873
61.500000000000	0.82904877830647
61.750000000000	0.82640204178202
62.000000000000	0.82374629729996
62.250000000000	0.82108203084442
62.500000000000	0.81840943867484
62.750000000000	0.81572897341245
63.000000000000	0.81304107298669
63.250000000000	0.81034587302707
63.500000000000	0.80764394588771
63.750000000000	0.80493567555202
64.000000000000	0.80222128541357
64.250000000000	0.79950113888950
64.500000000000	0.79677564111667
64.750000000000	0.79404515905190
65.000000000000	0.79131001049284
65.250000000000	0.78857060854200
65.500000000000	0.78582722681240
65.750000000000	0.78308012835385
66.000000000000	0.78032988445660
66.250000000000	0.77757664782087
66.500000000000	0.77482074730573
66.750000000000	0.77206257107193
67.000000000000	0.76930248309293
67.250000000000	0.76654072069585
67.500000000000	0.76377771184626
67.750000000000	0.76101365613231
68.000000000000	0.75824891771128
68.250000000000	0.75548379070658
68.500000000000	0.75271867458255
68.750000000000	0.74995375074065
69.000000000000	0.74718933670296
69.250000000000	0.74442582371212
69.500000000000	0.74166337573215
69.750000000000	0.73890242771254
70.000000000000	0.73614312472421
70.250000000000	0.73338587806850
70.500000000000	0.73063078050474
70.750000000000	0.72787835116076
71.000000000000	0.72512870081366
71.250000000000	0.72238217618033
71.500000000000	0.71963901459960
71.750000000000	0.71689939354128
72.000000000000	0.71416371079189
72.250000000000	0.71143216812213
72.500000000000	0.70870501061614
72.750000000000	0.70598241047891
73.000000000000	0.70326475368789
73.250000000000	0.70055220021531
73.500000000000	0.69784494495063
73.750000000000	0.69514331218931
74.000000000000	0.69244757170498
74.250000000000	0.68975777139940
74.500000000000	0.68707423098819
74.750000000000	0.68439717031460
75.000000000000	0.68172682357851
75.250000000000	0.67906340214752
75.500000000000	0.67640696476641
75.750000000000	0.67375789789990
76.000000000000	0.67111642002532
76.250000000000	0.66848253448651
76.500000000000	0.66585659631430
76.750000000000	0.66323868201076
77.000000000000	0.66062907228435
77.250000000000	0.65802796271189
77.500000000000	0.65543541867353
77.750000000000	0.65285168806316
78.000000000000	0.65027690921865
78.250000000000	0.64771126984676
78.500000000000	0.64515495523108
78.750000000000	0.64260814052078
79.000000000000	0.64007088086832
79.250000000000	0.63754334659830
79.500000000000	0.63502587409046
79.750000000000	0.63251844034262
80.000000000000	0.63002111216890
80.250000000000	0.62753420822527
80.500000000000	0.62505777560463
80.750000000000	0.62259194542379
81.000000000000	0.62013689146962
81.250000000000	0.61769280246809
81.500000000000	0.61525956665941
81.750000000000	0.61283755416358
82.000000000000	0.61042679901491
82.250000000000	0.60802733153288
82.500000000000	0.60563934874709
82.750000000000	0.60326298328007
83.000000000000	0.60089822639569
83.250000000000	0.59854533612384
83.500000000000	0.59620434794142
83.750000000000	0.59387536551837
84.000000000000	0.59155841351664
84.250000000000	0.58925359209972
84.500000000000	0.58696110927880
84.750000000000	0.58468092488298
85.000000000000	0.58241319720109
85.250000000000	0.58015799946152
85.500000000000	0.57791537874401
85.750000000000	0.57568537365805
86.000000000000	0.57346818681191
86.250000000000	0.57126379217472
86.500000000000	0.56907226761951
86.750000000000	0.56689362448628
87.000000000000	0.56472805881753
87.250000000000	0.56257560273012
87.500000000000	0.56043619219406
87.750000000000	0.55831005884781
88.000000000000	0.55619704372508
88.250000000000	0.55409736053813
88.500000000000	0.55201099710991
88.750000000000	0.54993808540893
89.000000000000	0.54787849470125
89.250000000000	0.54583245769711
89.500000000000	0.54379988788493
89.750000000000	0.54178088717236
90.000000000000	0.53977541176565
90.250000000000	0.53778361888032
90.500000000000	0.53580546632503
90.750000000000	0.53384093716340
91.000000000000	0.53189016554867
91.250000000000	0.52995308839621
91.500000000000	0.52802974842691
91.750000000000	0.52612010916170
92.000000000000	0.52422435223494
92.250000000000	0.52234238741594
92.500000000000	0.52047419797631
92.750000000000	0.51861983805999
93.000000000000	0.51677930333174
93.250000000000	0.51495265755033
93.500000000000	0.51313984095817
93.750000000000	0.51134086120813
94.000000000000	0.50955574137782
94.250000000000	0.50778447653859
94.500000000000	0.50602705526281
94.750000000000	0.50428350477807
95.000000000000	0.50255377332685
95.250000000000	0.50083791259637
95.500000000000	0.49913579807201
95.750000000000	0.49744759897609
96.000000000000	0.49577313394048
96.250000000000	0.49411246262652
96.500000000000	0.49246556634143
96.750000000000	0.49083237263593
97.000000000000	0.48921293019355
97.250000000000	0.48760721859114
97.500000000000	0.48601512134606
97.750000000000	0.48443671116601
98.000000000000	0.48287188758006
98.250000000000	0.48132068985062
98.500000000000	0.47978300096767
98.750000000000	0.47825882130892
99.000000000000	0.47674812652987
99.250000000000	0.47525089643779
99.500000000000	0.47376705371657
99.750000000000	0.47229655014622
100.00000000000	0.47083939747953
100.25000000000	0.46939544538941
100.50000000000	0.46796472584426
100.75000000000	0.46654718284600
101.00000000000	0.46514276208274
101.25000000000	0.46375137734066
101.50000000000	0.46237297470426
101.75000000000	0.46100756977835
102.00000000000	0.45965502298286
102.25000000000	0.45831525778317
102.50000000000	0.45698825898530
102.75000000000	0.45567399815733
103.00000000000	0.45437233797453
103.25000000000	0.45308321958042
103.50000000000	0.45180659403441
103.75000000000	0.45054239326976
104.00000000000	0.44929052585289
104.25000000000	0.44805089140954
104.50000000000	0.44682347125748
104.75000000000	0.44560814180653
105.00000000000	0.44440485740668
105.25000000000	0.44321351449755
105.50000000000	0.44203399551328
105.75000000000	0.44086621621732
106.00000000000	0.43971019757840
106.25000000000	0.43856570976323
106.50000000000	0.43743278829070
106.75000000000	0.43631124813303
107.00000000000	0.43520104273957
107.25000000000	0.43410205289169
107.50000000000	0.43301418671164
107.75000000000	0.43193737642786
108.00000000000	0.43087147467404
108.25000000000	0.42981642211483
108.50000000000	0.42877208196249
108.75000000000	0.42773840640530
109.00000000000	0.42671520582529
109.25000000000	0.42570249599949
109.50000000000	0.42470007407151
109.75000000000	0.42370786668783
110.00000000000	0.42272577422158
110.25000000000	0.42175367514209
110.50000000000	0.42079144333386
110.75000000000	0.41983901329440
111.00000000000	0.41889624558791
111.25000000000	0.41796305666068
111.50000000000	0.41703926951715
111.75000000000	0.41612486915217
112.00000000000	0.41521967688743
112.25000000000	0.41432357673537
112.50000000000	0.41343648978738
112.75000000000	0.41255826317684
113.00000000000	0.41168883272828
113.25000000000	0.41082805433000
113.50000000000	0.40997577752434
113.75000000000	0.40913197224037
114.00000000000	0.40829649095259
114.25000000000	0.40746918228510
114.50000000000	0.40664996259925
114.75000000000	0.40583875014452
115.00000000000	0.40503535966434
115.25000000000	0.40423971358095
115.50000000000	0.40345171304986
115.75000000000	0.40267122244733
116.00000000000	0.40189815603666
116.25000000000	0.40113239024104
116.50000000000	0.40037379835037
116.75000000000	0.39962229420620
117.00000000000	0.39887776567588
117.25000000000	0.39814010488364
117.50000000000	0.39740915930446
117.75000000000	0.39668492059918
118.00000000000	0.39596721141255
118.25000000000	0.39525594564233
118.50000000000	0.39455103620049
118.75000000000	0.39385235719576
119.00000000000	0.39315981961661
119.25000000000	0.39247333805540
119.50000000000	0.39179277249409
119.75000000000	0.39111806247983
120.00000000000	0.39044915996209
120.25000000000	0.38978587936792
120.50000000000	0.38912820143838
120.75000000000	0.38847601037926
121.00000000000	0.38782923190886
121.25000000000	0.38718773586108
121.50000000000	0.38655151768337
121.75000000000	0.38592039247487
122.00000000000	0.38529441231384
122.25000000000	0.38467339828267
122.50000000000	0.38405730105409
122.75000000000	0.38344608862307
123.00000000000	0.38283964916091
123.25000000000	0.38223791128181
123.50000000000	0.38164084455343
123.75000000000	0.38104836874829
124.00000000000	0.38046040632063
124.25000000000	0.37987691045862
124.50000000000	0.37929785534831
124.75000000000	0.37872311690130
125.00000000000	0.37815274106444
125.25000000000	0.37758657135175
125.50000000000	0.37702465938385
125.75000000000	0.37646691316175
126.00000000000	0.37591330006963
126.25000000000	0.37536377125574
126.50000000000	0.37481828942342
126.75000000000	0.37427683177817
127.00000000000	0.37373938584557
127.25000000000	0.37320592149641
127.50000000000	0.37267636729990
127.75000000000	0.37215073795431
128.00000000000	0.37162904792474
128.25000000000	0.37111119780420
128.50000000000	0.37059720652480
128.75000000000	0.37008706800302
129.00000000000	0.36958080962367
129.25000000000	0.36907836358973
129.50000000000	0.36857976315052
129.75000000000	0.36808500631113
130.00000000000	0.36759406841480
130.25000000000	0.36710695213550
130.50000000000	0.36662366613439
130.75000000000	0.36614424823920
131.00000000000	0.36566870889769
131.25000000000	0.36519697145547
131.50000000000	0.36472917058930
131.75000000000	0.36426523321526
132.00000000000	0.36380523776686
132.25000000000	0.36334914530653
132.50000000000	0.36289703839440
132.75000000000	0.36244891185796
133.00000000000	0.36200473453656
133.25000000000	0.36156468270590
133.50000000000	0.36112863917655
133.75000000000	0.36069669567253
134.00000000000	0.36026888985298
134.25000000000	0.35984525814636
134.50000000000	0.35942581197481
134.75000000000	0.35901056166137
135.00000000000	0.35859964213966
135.25000000000	0.35819300790069
135.50000000000	0.35779074065734
135.75000000000	0.35739283102657
136.00000000000	0.35699936375833
136.25000000000	0.35661039035420
136.50000000000	0.35622591303303
136.75000000000	0.35584602596297
137.00000000000	0.35547072438985
137.25000000000	0.35510007706928
137.50000000000	0.35473412575274
137.75000000000	0.35437290411578
138.00000000000	0.35401646205971
138.25000000000	0.35366484057561
138.50000000000	0.35331811750759
138.75000000000	0.35297628517487
139.00000000000	0.35263943427733
139.25000000000	0.35230761025351
139.50000000000	0.35198075484885
139.75000000000	0.35165904834028
140.00000000000	0.35134240866228
140.25000000000	0.35103096082127
140.50000000000	0.35072471137562
140.75000000000	0.35042367643456
141.00000000000	0.35012795678431
141.25000000000	0.34983748328709
141.50000000000	0.34955236492825
141.75000000000	0.34927261697091
142.00000000000	0.34899824466740
142.25000000000	0.34872930995333
142.50000000000	0.34846579767248
142.75000000000	0.34820778115588
143.00000000000	0.34795520116562
143.25000000000	0.34770811018924
143.50000000000	0.34746652891935
143.75000000000	0.34723048740930
144.00000000000	0.34699993893869
144.25000000000	0.34677491950439
144.50000000000	0.34655546996051
144.75000000000	0.34634148128404
145.00000000000	0.34613309115561
145.25000000000	0.34593011682924
145.50000000000	0.34573272371061
145.75000000000	0.34554076159052
146.00000000000	0.34535429557481
146.25000000000	0.34517324355560
146.50000000000	0.34499758288509
146.75000000000	0.34482732362340
147.00000000000	0.34466238846613
147.25000000000	0.34450276138247
147.50000000000	0.34434839717454
147.75000000000	0.34419925231747
148.00000000000	0.34405523277392
148.25000000000	0.34391632760313
148.50000000000	0.34378240714021
148.75000000000	0.34365353202340
149.00000000000	0.34352951606830
149.25000000000	0.34341030543838
149.50000000000	0.34329586701466
149.75000000000	0.34318607570847
150.00000000000	0.34308085335079
150.25000000000	0.34298008821181
150.50000000000	0.34288366962070
150.75000000000	0.34279156991932
151.00000000000	0.34270361777687
151.25000000000	0.34261966764443
151.50000000000	0.34253970233155
151.75000000000	0.34246348308312
152.00000000000	0.34239100183487
152.25000000000	0.34232200175021
152.50000000000	0.34225646664826
152.75000000000	0.34219417951915
153.00000000000	0.34213496578030
153.25000000000	0.34207877120333
153.50000000000	0.34202538062052
153.75000000000	0.34197462811507
154.00000000000	0.34192635988001
154.25000000000	0.34188041741762
154.50000000000	0.34183661094655
154.75000000000	0.34179475568537
155.00000000000	0.34175469615945
155.25000000000	0.34171624009341
155.50000000000	0.34167917774674
155.75000000000	0.34164334522391
156.00000000000	0.34160853182023
156.25000000000	0.34157447701732
156.50000000000	0.34154108001598
156.75000000000	0.34150807592093
157.00000000000	0.34147524885167
157.25000000000	0.34144237848430
157.50000000000	0.34140927084881
157.75000000000	0.34137566307911
158.00000000000	0.34134138691065
158.25000000000	0.34130613407676
158.50000000000	0.34126980254268
158.75000000000	0.34123200578427
159.00000000000	0.34119256782431
159.25000000000	0.34115127745530
159.50000000000	0.34110790256360
159.75000000000	0.34106211754177
160.00000000000	0.34101376702111
160.25000000000	0.34096252649771
160.50000000000	0.34090819231974
160.75000000000	0.34085051139575
161.00000000000	0.34078920258206
161.25000000000	0.34072403538540
161.50000000000	0.34065475822727
161.75000000000	0.34058108750420
162.00000000000	0.34050278166841
162.25000000000	0.34041958842235
162.50000000000	0.34033123027944
162.75000000000	0.34023745172012
163.00000000000	0.34013797210681
163.25000000000	0.34003260942269
163.50000000000	0.33992100468589
163.75000000000	0.33980293869554
164.00000000000	0.33967818022951
164.25000000000	0.33954640208301
164.50000000000	0.33940740786322
164.75000000000	0.33926090083729
165.00000000000	0.33910663871092
165.25000000000	0.33894437749100
165.50000000000	0.33877382831940
165.75000000000	0.33859473862139
166.00000000000	0.33840686081726
166.25000000000	0.33820996628873
166.50000000000	0.33800378690414
166.75000000000	0.33778803532905
167.00000000000	0.33756252206734
167.25000000000	0.33732699516627
167.50000000000	0.33708118585254
167.75000000000	0.33682488594555
168.00000000000	0.33655784299688
168.25000000000	0.33627982878425
168.50000000000	0.33599054891492
168.75000000000	0.33568987923110
169.00000000000	0.33537752846993
169.25000000000	0.33505328147177
169.50000000000	0.33471690102372
169.75000000000	0.33436822607733
170.00000000000	0.33400702597209
170.25000000000	0.33363306114540
170.50000000000	0.33324615463169
170.75000000000	0.33284613837338
171.00000000000	0.33243276891251
171.25000000000	0.33200584478885
171.50000000000	0.33156524740895
171.75000000000	0.33111071487570
172.00000000000	0.33064209987991
172.25000000000	0.33015924538512
172.50000000000	0.32966200326642
172.75000000000	0.32915018100475
173.00000000000	0.32862358700286
173.25000000000	0.32808215294861
173.50000000000	0.32752568020213
173.75000000000	0.32695403733825
174.00000000000	0.32636711872007
174.25000000000	0.32576470770947
174.50000000000	0.32514680369906
174.75000000000	0.32451321583563
175.00000000000	0.32386386679638
175.25000000000	0.32319865214069
175.50000000000	0.32251742599847
175.75000000000	0.32182016627660
176.00000000000	0.32110675442824
176.25000000000	0.32037711444627
176.50000000000	0.31963123658442
176.75000000000	0.31886897883961
177.00000000000	0.31809029870781
177.25000000000	0.31729519981375
177.50000000000	0.31648360064959
177.75000000000	0.31565548407539
178.00000000000	0.31481083723734
178.25000000000	0.31394964306800
178.50000000000	0.31307190807193
178.75000000000	0.31217757955310
179.00000000000	0.31126671192980
179.25000000000	0.31033934650286
179.50000000000	0.30939545143790
179.75000000000	0.30843511752406
180.00000000000	0.30745833878683
180.25000000000	0.30646519691547
180.50000000000	0.30545576108669
180.75000000000	0.30443008850435
181.00000000000	0.30338829875820
181.25000000000	0.30233043384045
181.50000000000	0.30125661952042
181.75000000000	0.30016697330198
182.00000000000	0.29906160615832
182.25000000000	0.29794063593072
182.50000000000	0.29680426168648
182.75000000000	0.29565257700501
183.00000000000	0.29448578459504
183.25000000000	0.29330403186974
183.50000000000	0.29210749482701
183.75000000000	0.29089641536747
184.00000000000	0.28967097384469
184.25000000000	0.28843137215508
184.50000000000	0.28717791759897
184.75000000000	0.28591075965928
185.00000000000	0.28463021457202
185.25000000000	0.28333652212579
185.50000000000	0.28202997886128
185.75000000000	0.28071088213299
186.00000000000	0.27937952866367
186.25000000000	0.27803623434716
186.50000000000	0.27668134433627
186.75000000000	0.27531516781291
187.00000000000	0.27393811837621
187.25000000000	0.27255055073600
187.50000000000	0.27115285309486
187.75000000000	0.26974541268781
188.00000000000	0.26832863029311
188.25000000000	0.26690300454565
188.50000000000	0.26546892711730
188.75000000000	0.26402687609408
189.00000000000	0.26257731900386
189.25000000000	0.26112077252240
189.50000000000	0.25965774664738
189.75000000000	0.25818869607954
190.00000000000	0.25671426529475
190.25000000000	0.25523493093275
190.50000000000	0.25375127595176
190.75000000000	0.25226396827982
191.00000000000	0.25077351694287
191.25000000000	0.24928057699776
191.50000000000	0.24778583646274
191.75000000000	0.24628991600809
192.00000000000	0.24479350572189
192.25000000000	0.24329725023796
192.50000000000	0.24180196912191
192.75000000000	0.24030830022229
193.00000000000	0.23881702173247
193.25000000000	0.23732892119259
193.50000000000	0.23584474610720
193.75000000000	0.23436533441928
194.00000000000	0.23289148455432
194.25000000000	0.23142406554304
194.50000000000	0.22996390115642
194.75000000000	0.22851190770040
195.00000000000	0.22706892932337
195.25000000000	0.22563589974947
195.50000000000	0.22421376874109
195.75000000000	0.22280344888158
196.00000000000	0.22140590815404
196.25000000000	0.22002212468205
196.50000000000	0.21865310828624
196.75000000000	0.21729983561786
197.00000000000	0.21596334537953
197.25000000000	0.21464464168876
197.50000000000	0.21334480681733
197.75000000000	0.21206484818038
198.00000000000	0.21080588901238
198.25000000000	0.20956894668762
198.50000000000	0.20835513570455
198.75000000000	0.20716552104394
199.00000000000	0.20600122108541
199.25000000000	0.20486329779054
199.50000000000	0.20375285674870
199.75000000000	0.20267098716834
200.00000000000	0.20161879364694
200.25000000000	0.20059733263637
200.50000000000	0.19960770041333
200.75000000000	0.19865097677776
201.00000000000	0.19772817623758
201.25000000000	0.19684036348343
201.50000000000	0.19598856947273
201.75000000000	0.19517377398495
202.00000000000	0.19439698701980
202.25000000000	0.19365915035010
202.50000000000	0.19296116864355
202.75000000000	0.19230396693222
203.00000000000	0.19168840093184
203.25000000000	0.19111531066508
203.50000000000	0.19058545354315
203.75000000000	0.19009962819179
204.00000000000	0.18965848532591
204.25000000000	0.18926268692363
204.50000000000	0.18891284899413
204.75000000000	0.18860955881190
205.00000000000	0.18835325367797
205.25000000000	0.18814444921367
205.50000000000	0.18798348378394
205.75000000000	0.18787069359692
206.00000000000	0.18780638473852
206.25000000000	0.18779074990738
206.50000000000	0.18782393406104
206.75000000000	0.18790605030232
207.00000000000	0.18803708714620
207.25000000000	0.18821703227162
207.50000000000	0.18844577432899
207.75000000000	0.18872317488864
208.00000000000	0.18904900198474
208.25000000000	0.18942299929869
208.50000000000	0.18984480305493
208.75000000000	0.19031402813505
209.00000000000	0.19083022383218
209.25000000000	0.19139289771777
209.50000000000	0.19200149382109
209.75000000000	0.19265540990323
210.00000000000	0.19335399262100
210.25000000000	0.19409657225698
210.50000000000	0.19488235904472
210.75000000000	0.19571065868482
211.00000000000	0.19658058459657
211.25000000000	0.19749136511704
211.50000000000	0.19844205028539
211.75000000000	0.19943180672101
212.00000000000	0.20045967661916
212.25000000000	0.20152471233579
212.50000000000	0.20262590663543
212.75000000000	0.20376231932169
213.00000000000	0.20493293925999
213.25000000000	0.20613673817341
213.50000000000	0.20737269964764
213.75000000000	0.20863975972190
214.00000000000	0.20993689090494
214.25000000000	0.21126306186562
214.50000000000	0.21261721113613
214.75000000000	0.21399832845839
215.00000000000	0.21540527786656
215.25000000000	0.21683710989575
215.50000000000	0.21829273553835
215.75000000000	0.21977115252195
216.00000000000	0.22127131457048
216.25000000000	0.22279218563207
216.50000000000	0.22433282863115
216.75000000000	0.22589217391802
217.00000000000	0.22746926241675
217.25000000000	0.22906314091660
217.50000000000	0.23067283358321
217.75000000000	0.23229740229699
218.00000000000	0.23393591860311
218.25000000000	0.23558744904349
218.50000000000	0.23725113052299
218.75000000000	0.23892603928822
219.00000000000	0.24061134482551
219.25000000000	0.24230618647126
219.50000000000	0.24400968942585
219.75000000000	0.24572111230244
220.00000000000	0.24743956435656
220.25000000000	0.24916435047635
220.50000000000	0.25089468160960
220.75000000000	0.25262978718267
221.00000000000	0.25436893569397
221.25000000000	0.25611145807218
221.50000000000	0.25785657346390
221.75000000000	0.25960369644285
222.00000000000	0.26135210519255
222.25000000000	0.26310120502009
222.50000000000	0.26485035229417
222.75000000000	0.26659892303647
223.00000000000	0.26834634748231
223.25000000000	0.27009202224715
223.50000000000	0.27183537136768
223.75000000000	0.27357588961321
224.00000000000	0.27531308820401
224.25000000000	0.27704635686162
224.50000000000	0.27877527973578
224.75000000000	0.28049938050994
225.00000000000	0.28221813270477
225.25000000000	0.28393113821185
225.50000000000	0.28563794516134
225.75000000000	0.28733815884513
226.00000000000	0.28903131093941
226.25000000000	0.29071707887799
226.50000000000	0.29239512218863
226.75000000000	0.29406497262717
227.00000000000	0.29572638182615
227.25000000000	0.29737892793389
227.50000000000	0.29902236394878
227.75000000000	0.30065642208882
228.00000000000	0.30228065350821
228.25000000000	0.30389496900438
228.50000000000	0.30549895318320
228.75000000000	0.30709243042028
229.00000000000	0.30867516648127
229.25000000000	0.31024689996574
229.50000000000	0.31180742315536
229.75000000000	0.31335650638196
230.00000000000	0.31489403295648
230.25000000000	0.31641976954805
230.50000000000	0.31793354074993
230.75000000000	0.31943523071030
231.00000000000	0.32092466235125
231.25000000000	0.32240174734821
231.50000000000	0.32386624629012
231.75000000000	0.32531818696598
232.00000000000	0.32675738856205
232.25000000000	0.32818375366681
232.50000000000	0.32959721885856
232.75000000000	0.33099771291878
233.00000000000	0.33238519545710
233.25000000000	0.33375959554325
233.50000000000	0.33512083533023
233.75000000000	0.33646892978035
234.00000000000	0.33780382695584
234.25000000000	0.33912556508933
234.50000000000	0.34043400017911
234.75000000000	0.34172928340268
235.00000000000	0.34301138689822
235.25000000000	0.34428027619951
235.50000000000	0.34553603715598
235.75000000000	0.34677863229901
236.00000000000	0.34800817169961
236.25000000000	0.34922467169977
236.50000000000	0.35042824035113
236.75000000000	0.35161885501720
237.00000000000	0.35279664971748
237.25000000000	0.35396166326366
237.50000000000	0.35511401903395
237.75000000000	0.35625377556770
238.00000000000	0.35738103148948
238.25000000000	0.35849592941928
238.50000000000	0.35959852932576
238.75000000000	0.36068894828850
239.00000000000	0.36176734746903
239.25000000000	0.36283384963173
239.50000000000	0.36388849754638
239.75000000000	0.36493155066446
240.00000000000	0.36596304891169
240.25000000000	0.36698322125866
240.50000000000	0.36799211307129
240.75000000000	0.36898999556432
241.00000000000	0.36997691688609
241.25000000000	0.37095308858223
241.50000000000	0.37191867069877
241.75000000000	0.37287385188047
242.00000000000	0.37381878241772
242.25000000000	0.37475361717737
242.50000000000	0.37567851582374
242.75000000000	0.37659371167618
243.00000000000	0.37749936515713
243.25000000000	0.37839559278604
243.50000000000	0.37928272251044
243.75000000000	0.38016082220828
244.00000000000	0.38103006942875
244.25000000000	0.38189070823623
244.50000000000	0.38274291446403
244.75000000000	0.38358683748594
245.00000000000	0.38442274956203
245.25000000000	0.38525076926036
245.50000000000	0.38607111323120
245.75000000000	0.38688394818218
246.00000000000	0.38768947054671
246.25000000000	0.38848791655374
246.50000000000	0.38927937724515
246.75000000000	0.39006418798202
247.00000000000	0.39084237942359
247.25000000000	0.39161422763526
247.50000000000	0.39237988225108
247.75000000000	0.39313949912210
248.00000000000	0.39389336089275
248.25000000000	0.39464155056578
248.50000000000	0.39538428025391
248.75000000000	0.39612170987683
249.00000000000	0.39685401529538
249.25000000000	0.39758138416751
249.50000000000	0.39830391973451
249.75000000000	0.39902186978402
250.00000000000	0.39973533828226
250.25000000000	0.40044448946521
250.50000000000	0.40114948994981
250.75000000000	0.40185050553526
251.00000000000	0.40254761162025
251.25000000000	0.40324107070639
251.50000000000	0.40393091797512
251.75000000000	0.40461729031842
252.00000000000	0.40530036972492
252.25000000000	0.40598026584478
252.50000000000	0.40665709569825
252.75000000000	0.40733098399775
253.00000000000	0.40800200517900
253.25000000000	0.40867031435911
253.50000000000	0.40933601595323
253.75000000000	0.40999922794818
254.00000000000	0.41065997118457
254.25000000000	0.41131836183549
254.50000000000	0.41197454809528
254.75000000000	0.41262855313681
255.00000000000	0.41328042711612
255.25000000000	0.41393034337070
255.50000000000	0.41457825713253
255.75000000000	0.41522429790422
256.00000000000	0.41586852387808
256.25000000000	0.41651093100737
256.50000000000	0.41715165714830
256.75000000000	0.41779070032872
257.00000000000	0.41842805005149
257.25000000000	0.41906382209970
257.50000000000	0.41969798010543
257.75000000000	0.42033062096848
258.00000000000	0.42096167789787
258.25000000000	0.42159125879200
258.50000000000	0.42221933807842
258.75000000000	0.42284588762197
259.00000000000	0.42347101816893
259.25000000000	0.42409460451003
259.50000000000	0.42471671000023
259.75000000000	0.42533732680731
260.00000000000	0.42595646810856
260.25000000000	0.42657405326134
260.50000000000	0.42719010022862
260.75000000000	0.42780460895722
261.00000000000	0.42841755305551
261.25000000000	0.42902889781642
261.50000000000	0.42963859678317
261.75000000000	0.43024666059572
262.00000000000	0.43085300002259
262.25000000000	0.43145763530003
262.50000000000	0.43206050053425
262.75000000000	0.43266161184137
263.00000000000	0.43326082459471
263.25000000000	0.43385816474587
263.50000000000	0.43445356192366
263.75000000000	0.43504701839219
264.00000000000	0.43563846855715
264.25000000000	0.43622780671951
264.50000000000	0.43681510552442
264.75000000000	0.43740014200542
265.00000000000	0.43798306486626
265.25000000000	0.43856369216353
265.50000000000	0.43914200606144
265.75000000000	0.43971801217109
266.00000000000	0.44029157463223
266.25000000000	0.44086272982160
266.50000000000	0.44143140627541
266.75000000000	0.44199750201657
267.00000000000	0.44256105040256
267.25000000000	0.44312200621911
267.50000000000	0.44368027401568
267.75000000000	0.44423588402110
268.00000000000	0.44478870049158
268.25000000000	0.44533877897407
268.50000000000	0.44588606684330
268.75000000000	0.44643048880315
269.00000000000	0.44697210677855
269.25000000000	0.44751080005068
269.50000000000	0.44804662261909
269.75000000000	0.44857952155058
270.00000000000	0.44910946209873
270.25000000000	0.44963648044748
270.50000000000	0.45016052630410
270.75000000000	0.45068160684548
271.00000000000	0.45119974461991
271.25000000000	0.45171491531197
271.50000000000	0.45222712694400
271.75000000000	0.45273635295742
272.00000000000	0.45324268103168
272.25000000000	0.45374609517480
272.50000000000	0.45424665951897
272.75000000000	0.45474428010923
273.00000000000	0.45523913947305
273.25000000000	0.45573113936898
273.50000000000	0.45622045880207
273.75000000000	0.45670703188748
274.00000000000	0.45719093358107
274.25000000000	0.45767225904416
274.50000000000	0.45815101306586
274.75000000000	0.45862729881362
275.00000000000	0.45910115339935
275.25000000000	0.45957266843552
275.50000000000	0.46004193654946
275.75000000000	0.46050903794561
276.00000000000	0.46097401553708
276.25000000000	0.46143700629288
276.50000000000	0.46189807726858
276.75000000000	0.46235736465011
277.00000000000	0.46281497202628
277.25000000000	0.46327092075216
277.50000000000	0.46372544885778
277.75000000000	0.46417858131536
278.00000000000	0.46463050344843
278.25000000000	0.46508129221942
278.50000000000	0.46553115385872
278.75000000000	0.46598010343099
279.00000000000	0.46642836431566
279.25000000000	0.46687609402637
279.50000000000	0.46732334782033
279.75000000000	0.46777032551021
280.00000000000	0.46821720827532
280.25000000000	0.46866407728449
280.50000000000	0.46911113545555
280.75000000000	0.46955850989112
281.00000000000	0.47000640205425
281.25000000000	0.47045495213097
281.50000000000	0.47090433104163
281.75000000000	0.47135465744605
282.00000000000	0.47180615961562
282.25000000000	0.47225897835142
282.50000000000	0.47271329877571
282.75000000000	0.47316923817046
283.00000000000	0.47362701884976
283.25000000000	0.47408682678807
283.50000000000	0.47454878266637
283.75000000000	0.47501301521340
284.00000000000	0.47547982363399
284.25000000000	0.47594925491054
284.50000000000	0.47642149971923
284.75000000000	0.47689680484307
285.00000000000	0.47737520481888
285.25000000000	0.47785696144645
285.50000000000	0.47834215278432
285.75000000000	0.47883101153401
286.00000000000	0.47932365184998
286.25000000000	0.47982020677306
286.50000000000	0.48032087901881
286.75000000000	0.48082575159072
287.00000000000	0.48133498137780
287.25000000000	0.48184868470569
287.50000000000	0.48236699434442
287.75000000000	0.48289012132612
288.00000000000	0.48341800942051
288.25000000000	0.48395089704337
288.50000000000	0.48448891675504
288.75000000000	0.48503206892047
289.00000000000	0.48558051600353
289.25000000000	0.48613431339664
289.50000000000	0.48669357641294
289.75000000000	0.48725831805428
290.00000000000	0.48782866448465
290.25000000000	0.48840469128886
290.50000000000	0.48898638483891
290.75000000000	0.48957384003050
291.00000000000	0.49016707219313
291.25000000000	0.49076615930089
291.50000000000	0.49137101929076
291.75000000000	0.49198173484920
292.00000000000	0.49259830593077
292.25000000000	0.49322071239465
292.50000000000	0.49384896524639
292.75000000000	0.49448304052252
293.00000000000	0.49512285033465
293.25000000000	0.49576844745102
293.50000000000	0.49641968818114
293.75000000000	0.49707655185379
294.00000000000	0.49773897924996
294.25000000000	0.49840691416999
294.50000000000	0.49908023024523
294.75000000000	0.49975883825759
295.00000000000	0.50044262500578
295.25000000000	0.50113151647818
295.50000000000	0.50182539899739
295.75000000000	0.50252407197331
296.00000000000	0.50322743473198
296.25000000000	0.50393533673336
296.50000000000	0.50464760228477
296.75000000000	0.50536410718203
297.00000000000	0.50608467845296
297.25000000000	0.50680903277991
297.50000000000	0.50753713439716
297.75000000000	0.50826865512702
298.00000000000	0.50900339543353
298.25000000000	0.50974124742755
298.50000000000	0.51048189419033
298.75000000000	0.51122508624114
299.00000000000	0.51197071665819
299.25000000000	0.51271845329862
299.50000000000	0.51346804851517
299.75000000000	0.51421922291322
300.00000000000	0.51497182237184
300.25000000000	0.51572544380441
300.50000000000	0.51647992698477
300.75000000000	0.51723493826029
301.00000000000	0.51799023785378
301.25000000000	0.51874554387372
301.50000000000	0.51950047740328
301.75000000000	0.52025492610642
302.00000000000	0.52100842204897
302.25000000000	0.52176082041979
302.50000000000	0.52251170824429
302.75000000000	0.52326089260062
303.00000000000	0.52400796294563
303.25000000000	0.52475269490517
303.50000000000	0.52549475516006
303.75000000000	0.52623386131512
304.00000000000	0.52696972931079
304.25000000000	0.52770202651539
304.50000000000	0.52843047377913
304.75000000000	0.52915478966249
305.00000000000	0.52987462170209
