,x,Y
0,0.0027839616774935887,37.0
1,0.003731348133442225,14.0
2,0.00570846451405913,12.0
3,0.007542898566767538,18.0
4,0.007580251704408484,4.0
5,0.009485532583994025,6.0
6,0.009661012050613257,38.0
7,0.011528913360181529,25.0
8,0.011590091272228166,106.0
9,0.013910780195938255,8.0
10,0.015050165048415502,27.0
11,0.016020889685023576,1.0
12,0.01623692337150828,21.0
13,0.018501546654455643,9.0
14,0.02088448731637483,17.0
15,0.021329935120835822,155.0
16,0.021658783872894105,1.0
17,0.021763478067161075,24.0
18,0.02375072163360225,10.0
19,0.02691327753364021,6.0
20,0.029393333648476985,10.0
21,0.0317930068463187,4.0
22,0.03503628614749807,29.0
23,0.03909113126544715,118.0
24,0.046229748685800584,28.0
25,0.051844261073711095,4.0
26,0.05700872731072698,9.0
27,0.06547806250425008,193.0
28,0.06665795449043799,16.0
29,0.0697122087506391,88.0
30,0.07912540371618845,40.0
31,0.09555819643883297,6.0
32,0.11141896553138698,3.0
33,0.11674594389206332,7.0
34,0.12029674379576438,61.0
35,0.2032675992382465,101.0
36,0.2048189443488956,31.0
37,0.20540218389093445,48.0
38,0.211282399297761,6.0
39,0.23759097052825381,34.0
40,0.24636624832722495,90.0
41,0.3561906485038552,17.0
42,0.3849162956846091,7.0
43,0.517133194825004,4.0
44,0.5964908856801533,640.0
45,0.6587698150519079,7.0
46,0.6783555160727701,19.0
47,0.6895398195346953,104.0
48,0.727735156302306,32.0
49,0.7496894362117147,97.0
50,0.7527845132612849,17.0
51,0.7831217244279227,102.0
52,0.8389112243254355,319.0
53,0.8499523043661876,55.0
54,0.9804446510208644,3.0
55,1.0183341950895048,6.0
56,1.0726517486584575,31.0
57,1.0794426795876157,32.0
58,1.0961848070757696,150.0
59,1.1495220726477893,18.0
60,1.321653147265897,10.0
61,1.338074224499481,25.0
62,1.3415611968414547,43.0
63,1.4011406391332848,34.0
64,1.4013584981507885,37.0
65,1.5960959861091257,83.0
66,1.6626718020058595,8.0
67,1.806196402479766,104.0
68,1.9509216427427671,700.0
69,2.0284126993189693,8.0
70,2.0579218539185877,64.0
71,2.278887691712346,41.0
72,2.50315856365487,39.0
73,2.533562196827552,275.0
74,2.5422630439628846,454.0
75,2.601725128349851,332.0
76,2.6429057265401905,54.0
77,2.6923700689100105,198.0
78,2.9358007357274265,5.0
79,2.970288142841309,84.0
80,3.195959548496375,223.0
81,3.332096475500051,1.0
82,3.3805805938244227,203.0
83,3.4817736069581944,272.0
84,3.865070474537788,445.0
85,4.017466153831386,420.0
86,4.29977490867738,115.0
87,4.352196265479647,170.0
88,4.465811860833646,856.0
89,4.6884317808495934,57.0
90,5.067480483437842,79.0
91,5.212473142961876,6.0
92,5.222067521412839,20.0
93,5.330370966101728,310.0
94,5.607530941422101,41.0
95,5.663928225215447,322.0
96,5.891509082988098,372.0
97,5.925365730132051,14.0
98,5.952616547580691,14.0
99,6.173014066343718,211.0
100,6.498517950959164,46.0
101,6.741524228100885,4.0
102,7.142521820353188,55.0
103,8.001371716894209,8.0
104,8.092879421202088,4.0
105,8.619242809829787,408.0
106,9.041318554741641,110.0
107,9.346621906691265,33.0
108,10.443895721722704,93.0
109,10.970895950579783,39.0
110,11.496671084515572,87.0
111,11.77120726807043,228.0
112,13.59375046262219,43.0
113,13.602707907384804,1324.0
114,13.6088353510558,14.0
115,14.019374551765699,37.0
116,14.737651791400276,42.0
117,15.266952694315478,1.0
118,15.688126397664504,9.0
119,16.03569324486501,91.0
120,16.359578172482387,263.0
121,16.989853076295304,124.0
122,17.343858582163616,333.0
123,18.847927879756938,5.0
124,19.644278261234433,326.0
125,21.11701338472,346.0
126,21.204739489382337,752.0
127,22.87410032503928,826.0
128,24.375016619606562,992.0
129,25.796995503501968,47.0
130,26.32405332570585,93.0
131,28.374912267302474,71.0
132,31.97639333092763,52.0
133,33.42964721501873,35.0
134,33.61866533976669,813.0
135,33.81987419762109,9.0
136,33.86195722287743,628.0
137,34.82531746996877,95.0
138,34.95959312214593,932.0
139,38.37147898894425,69.0
140,38.61494695397171,192.0
141,39.00008743527966,947.0
142,44.720141348793796,7.0
143,48.920823321096634,621.0
144,51.530638263250395,910.0
145,55.394809560524294,63.0
146,61.90250678787338,596.0
147,68.10084200693916,485.0
148,68.2500327711304,693.0
149,75.78768693323556,570.0
150,77.51179382869353,37.0
151,79.56079276992628,310.0
152,81.87218669931251,623.0
153,104.3984830907546,774.0
154,121.77008441459016,936.0
155,124.55308530820378,665.0
156,127.63719305718939,702.0
157,133.48571023105956,59.0
158,137.37211995224158,1013.0
159,144.11474235441003,12.0
160,182.43775263329348,1006.0
161,247.29500994036593,36.0
